TEvsOR    博弈:
0.217391	8.303239
0.262500	7.847547
0.246377	10.350126
0.405797	6.998493
0.322222	6.279744
0.405797	14.364797
0.466667	7.655247
0.426966	12.740275
0.521739	18.000582
0.344828	11.469663
0.422222	11.720877
0.433333	12.690753
0.594203	16.485517
0.217391	8.355417
0.300000	9.072769
0.696629	14.775433
0.405797	14.982587
0.344828	10.620863
0.471910	15.738021
0.400000	8.399433
0.405797	14.308673
0.644444	13.027573
0.422222	11.684022
0.437500	15.347140
0.608696	20.834510
0.471910	12.244181
0.500000	13.666741
0.701149	24.635872
0.471910	15.411369
0.561798	20.429468


TE dictator
0.217391	9.134879

Overlay dictator
4.108595	0.460000



遗传算法1
0.500000	0.320000	7.244167

遗传算法2
0.320000	0.320000	5.831553

TEvsOR    博弈:
0.258427	9.792364
0.434783	16.388485
0.314286	12.208119
0.782609	25.765106
0.258427	11.073607
0.637681	28.493078
0.279570	12.372894
0.360656	14.212705
0.550725	15.056799
0.425000	16.077948
0.300000	11.379535
0.617978	17.273436
0.448276	19.361890
0.971014	38.334439
0.420290	13.718932
0.536232	20.428588
0.462500	16.034905
0.637681	22.388731
0.449438	15.778602
0.927536	37.827309
0.420290	13.674138
0.420290	16.092438
0.637681	31.944706
0.420290	12.008075
0.637681	26.383366
0.438202	13.493659
0.420290	17.898366
0.420290	13.882261
0.544444	18.687391
0.536232	18.037807


TE dictator
0.258427	11.331748

Overlay dictator
5.106213	0.553846



遗传算法1
0.411765	0.411765	11.814664

遗传算法2
0.426471	0.426471	7.392019

TEvsOR    博弈:
0.217391	10.403866
0.303371	9.868702
0.415730	13.800931
0.254237	10.256129
0.463768	15.183405
0.252874	13.597930
0.333333	12.273687
0.463768	14.173388
0.325843	12.379672
0.370787	12.640844
0.573034	19.322351
0.347826	8.528253
0.254237	10.673133
0.525000	14.017148
0.303371	13.377165
0.463768	11.905336
0.272727	10.776690
0.415730	14.271456
0.347826	11.493201
0.300000	10.857602
0.463768	12.803799
0.453608	10.201361
0.319588	11.724603
0.453608	17.101559
0.405797	13.911034
0.348315	18.621481
0.415730	14.412894
0.300000	12.045902
0.463768	15.214422
0.505618	16.295736


TE dictator
0.217391	13.359505

Overlay dictator
4.759730	0.525773



遗传算法1
0.300000	0.300000	9.625900

遗传算法2
0.288462	0.288462	6.949333

TEvsOR    博弈:
0.264706	10.993480
0.516854	17.414571
0.364706	21.262070
0.488889	20.015199
0.633333	30.288419
0.517647	20.476601
0.587500	21.470597
0.488889	10.716108
0.533333	21.373105
0.511111	18.699328
0.404494	17.362485
0.437500	16.059950
0.725000	28.580836
0.437500	17.074372
0.573034	22.415932
TE unfeasible


TE dictator
0.264706	14.104621

Overlay dictator
6.197646	0.558824



遗传算法1
0.377049	0.367647	12.355924

遗传算法2
0.367647	0.367647	9.001221

TEvsOR    博弈:
0.206186	14.959688
0.449438	12.843387
0.687500	24.073941
0.425000	15.376872
0.393258	16.039606
0.482759	17.206941
0.528090	22.892595
0.629213	28.878553
0.525000	22.423979
0.594203	22.136441
0.587500	19.382808
0.350000	16.387578
0.617978	18.720164
0.350000	19.310134
0.362500	16.967827
0.449438	18.924216
0.875000	29.080996
0.488095	19.174793
0.623188	20.093420
0.595506	24.665572
0.550562	22.764275
0.460674	20.367404
0.696629	25.508588
0.516854	20.270614
0.522222	20.591392
0.700000	31.051402
0.463918	14.583622
0.747126	26.771080
0.438202	17.830938
0.528736	24.035153


TE dictator
0.206186	16.295767

Overlay dictator
5.935732	0.460000



遗传算法1
0.303371	0.303371	11.274086

遗传算法2
0.423077	0.338028	9.417863

