TEvsOR    ²©ÞÄ:
0.371429	92.000000
0.385714	77.000000
0.471429	98.000000
0.521739	92.000000
0.869565	126.000000
0.405797	76.000000
0.405797	76.000000
0.405797	76.000000
0.405797	76.000000
0.405797	76.000000
0.405797	76.000000
0.405797	76.000000
0.405797	76.000000
0.405797	76.000000
0.405797	76.000000
0.405797	76.000000
0.405797	76.000000
0.405797	76.000000
0.405797	76.000000
0.405797	76.000000
0.405797	76.000000
0.405797	76.000000
0.405797	76.000000
0.405797	76.000000
0.405797	76.000000
0.405797	76.000000
0.405797	76.000000
0.405797	76.000000
0.405797	76.000000
0.405797	76.000000
0.405797	76.000000
0.405797	76.000000
0.405797	76.000000
0.405797	76.000000
0.405797	76.000000
0.405797	76.000000
0.405797	76.000000
0.405797	76.000000
0.405797	76.000000
0.405797	76.000000
0.405797	76.000000
0.405797	76.000000
0.405797	76.000000
0.405797	76.000000
0.405797	76.000000
0.405797	76.000000
0.405797	76.000000
0.405797	76.000000
0.405797	76.000000
0.405797	76.000000
0.405797	76.000000
0.405797	76.000000
0.405797	76.000000
0.405797	76.000000
0.405797	76.000000
0.405797	76.000000
0.405797	76.000000
0.405797	76.000000
0.405797	76.000000
0.405797	76.000000
0.405797	76.000000
0.405797	76.000000
0.405797	76.000000
0.405797	76.000000
0.405797	76.000000
0.405797	76.000000
0.405797	76.000000
0.405797	76.000000
0.405797	76.000000
0.405797	76.000000
0.405797	76.000000
0.405797	76.000000
0.405797	76.000000
0.405797	76.000000
0.405797	76.000000
0.405797	76.000000
0.405797	76.000000
0.405797	76.000000
0.405797	76.000000
0.405797	76.000000
0.405797	76.000000
0.405797	76.000000
0.405797	76.000000
0.405797	76.000000
0.405797	76.000000
0.405797	76.000000
0.405797	76.000000
0.405797	76.000000
0.405797	76.000000
0.405797	76.000000
0.405797	76.000000
0.405797	76.000000
0.405797	76.000000
0.405797	76.000000
0.405797	76.000000
0.405797	76.000000
0.405797	76.000000
0.405797	76.000000
0.405797	76.000000
0.405797	76.000000


TEvsOR 2    ²©ÞÄ:
0.157609	63.000000
0.157609	69.000000
0.157609	63.000000
0.157609	69.000000
0.157609	63.000000
0.157609	69.000000
0.157609	63.000000
0.157609	69.000000
0.157609	63.000000
0.157609	69.000000
0.157609	63.000000
0.157609	69.000000
0.157609	63.000000
0.157609	69.000000
0.157609	63.000000
0.157609	69.000000
0.157609	63.000000
0.157609	69.000000
0.157609	63.000000
0.157609	69.000000
0.157609	63.000000
0.157609	69.000000
0.157609	63.000000
0.157609	69.000000
0.157609	63.000000
0.157609	69.000000
0.157609	63.000000
0.157609	69.000000
0.157609	63.000000
0.157609	69.000000
0.157609	63.000000
0.157609	69.000000
0.157609	63.000000
0.157609	69.000000
0.157609	63.000000
0.157609	69.000000
0.157609	63.000000
0.157609	69.000000
0.157609	63.000000
0.157609	69.000000
0.157609	63.000000
0.157609	69.000000
0.157609	63.000000
0.157609	69.000000
0.157609	63.000000
0.157609	69.000000
0.157609	63.000000
0.157609	69.000000
0.157609	63.000000
0.157609	69.000000
0.157609	63.000000
0.157609	69.000000
0.157609	63.000000
0.157609	69.000000
0.157609	63.000000
0.157609	69.000000
0.157609	63.000000
0.157609	69.000000
0.157609	63.000000
0.157609	69.000000
0.157609	63.000000
0.157609	69.000000
0.157609	63.000000
0.157609	69.000000
0.157609	63.000000
0.157609	69.000000
0.157609	63.000000
0.157609	69.000000
0.157609	63.000000
0.157609	69.000000
0.157609	63.000000
0.157609	69.000000
0.157609	63.000000
0.157609	69.000000
0.157609	63.000000
0.157609	69.000000
0.157609	63.000000
0.157609	69.000000
0.157609	63.000000
0.157609	69.000000
0.157609	63.000000
0.157609	69.000000
0.157609	63.000000
0.157609	69.000000
0.157609	63.000000
0.157609	69.000000
0.157609	63.000000
0.157609	69.000000
0.157609	63.000000
0.157609	69.000000
0.157609	63.000000
0.157609	69.000000
0.157609	63.000000
0.157609	69.000000
0.157609	63.000000
0.157609	69.000000
0.157609	63.000000
0.157609	69.000000
0.157609	63.000000
0.157609	69.000000


TEvsOR    ²©ÞÄ:
0.170588	96.000000
0.170588	99.000000
0.225275	88.000000
0.230769	81.000000
0.170588	96.000000
0.225275	88.000000
0.230769	81.000000
0.170588	96.000000
0.225275	88.000000
0.230769	81.000000
0.170588	96.000000
0.225275	88.000000
0.230769	81.000000
0.170588	96.000000
0.225275	88.000000
0.230769	81.000000
0.170588	96.000000
0.225275	88.000000
0.230769	81.000000
0.170588	96.000000
0.225275	88.000000
0.230769	81.000000
0.170588	96.000000
0.225275	88.000000
0.230769	81.000000
0.170588	96.000000
0.225275	88.000000
0.230769	81.000000
0.170588	96.000000
0.225275	88.000000
0.230769	81.000000
0.170588	96.000000
0.225275	88.000000
0.230769	81.000000
0.170588	96.000000
0.225275	88.000000
0.230769	81.000000
0.170588	96.000000
0.225275	88.000000
0.230769	81.000000
0.170588	96.000000
0.225275	88.000000
0.230769	81.000000
0.170588	96.000000
0.225275	88.000000
0.230769	81.000000
0.170588	96.000000
0.225275	88.000000
0.230769	81.000000
0.170588	96.000000
0.225275	88.000000
0.230769	81.000000
0.170588	96.000000
0.225275	88.000000
0.230769	81.000000
0.170588	96.000000
0.225275	88.000000
0.230769	81.000000
0.170588	96.000000
0.225275	88.000000
0.230769	81.000000
0.170588	96.000000
0.225275	88.000000
0.230769	81.000000
0.170588	96.000000
0.225275	88.000000
0.230769	81.000000
0.170588	96.000000
0.225275	88.000000
0.230769	81.000000
0.170588	96.000000
0.225275	88.000000
0.230769	81.000000
0.170588	96.000000
0.225275	88.000000
0.230769	81.000000
0.170588	96.000000
0.225275	88.000000
0.230769	81.000000
0.170588	96.000000
0.225275	88.000000
0.230769	81.000000
0.170588	96.000000
0.225275	88.000000
0.230769	81.000000
0.170588	96.000000
0.225275	88.000000
0.230769	81.000000
0.170588	96.000000
0.225275	88.000000
0.230769	81.000000
0.170588	96.000000
0.225275	88.000000
0.230769	81.000000
0.170588	96.000000
0.225275	88.000000
0.230769	81.000000
0.170588	96.000000
0.225275	88.000000
0.230769	81.000000


TEvsOR 2    ²©ÞÄ:
0.104000	83.000000
0.104000	89.000000
0.107407	98.000000
0.104000	72.000000
0.145390	92.000000
0.126394	83.000000
0.104000	89.000000
0.107407	100.000000
0.104000	72.000000
0.145390	92.000000
0.126394	83.000000
0.104000	89.000000
0.107407	100.000000
0.104000	72.000000
0.145390	92.000000
0.126394	83.000000
0.104000	89.000000
0.107407	100.000000
0.104000	72.000000
0.145390	92.000000
0.126394	83.000000
0.104000	89.000000
0.107407	100.000000
0.104000	72.000000
0.145390	92.000000
0.126394	83.000000
0.104000	89.000000
0.107407	100.000000
0.104000	72.000000
0.145390	92.000000
0.126394	83.000000
0.104000	89.000000
0.107407	100.000000
0.104000	72.000000
0.145390	92.000000
0.126394	83.000000
0.104000	89.000000
0.107407	100.000000
0.104000	72.000000
0.145390	92.000000
0.126394	83.000000
0.104000	89.000000
0.107407	100.000000
0.104000	72.000000
0.145390	92.000000
0.126394	83.000000
0.104000	89.000000
0.107407	100.000000
0.104000	72.000000
0.145390	92.000000
0.126394	83.000000
0.104000	89.000000
0.107407	100.000000
0.104000	72.000000
0.145390	92.000000
0.126394	83.000000
0.104000	89.000000
0.107407	100.000000
0.104000	72.000000
0.145390	92.000000
0.126394	83.000000
0.104000	89.000000
0.107407	100.000000
0.104000	72.000000
0.145390	92.000000
0.126394	83.000000
0.104000	89.000000
0.107407	100.000000
0.104000	72.000000
0.145390	92.000000
0.126394	83.000000
0.104000	89.000000
0.107407	100.000000
0.104000	72.000000
0.145390	92.000000
0.126394	83.000000
0.104000	89.000000
0.107407	100.000000
0.104000	72.000000
0.145390	92.000000
0.126394	83.000000
0.104000	89.000000
0.107407	100.000000
0.104000	72.000000
0.145390	92.000000
0.126394	83.000000
0.104000	89.000000
0.107407	100.000000
0.104000	72.000000
0.145390	92.000000
0.126394	83.000000
0.104000	89.000000
0.107407	100.000000
0.104000	72.000000
0.145390	92.000000
0.126394	83.000000
0.104000	89.000000
0.107407	100.000000
0.104000	72.000000
0.145390	92.000000


TEvsOR    ²©ÞÄ:
0.103806	87.000000
0.103806	75.000000
0.108014	85.000000
0.103806	88.000000
0.103806	88.000000
0.103806	88.000000
0.103806	88.000000
0.103806	88.000000
0.103806	88.000000
0.103806	88.000000
0.103806	88.000000
0.103806	88.000000
0.103806	88.000000
0.103806	88.000000
0.103806	88.000000
0.103806	88.000000
0.103806	88.000000
0.103806	88.000000
0.103806	88.000000
0.103806	88.000000
0.103806	88.000000
0.103806	88.000000
0.103806	88.000000
0.103806	88.000000
0.103806	88.000000
0.103806	88.000000
0.103806	88.000000
0.103806	88.000000
0.103806	88.000000
0.103806	88.000000
0.103806	88.000000
0.103806	88.000000
0.103806	88.000000
0.103806	88.000000
0.103806	88.000000
0.103806	88.000000
0.103806	88.000000
0.103806	88.000000
0.103806	88.000000
0.103806	88.000000
0.103806	88.000000
0.103806	88.000000
0.103806	88.000000
0.103806	88.000000
0.103806	88.000000
0.103806	88.000000
0.103806	88.000000
0.103806	88.000000
0.103806	88.000000
0.103806	88.000000
0.103806	88.000000
0.103806	88.000000
0.103806	88.000000
0.103806	88.000000
0.103806	88.000000
0.103806	88.000000
0.103806	88.000000
0.103806	88.000000
0.103806	88.000000
0.103806	88.000000
0.103806	88.000000
0.103806	88.000000
0.103806	88.000000
0.103806	88.000000
0.103806	88.000000
0.103806	88.000000
0.103806	88.000000
0.103806	88.000000
0.103806	88.000000
0.103806	88.000000
0.103806	88.000000
0.103806	88.000000
0.103806	88.000000
0.103806	88.000000
0.103806	88.000000
0.103806	88.000000
0.103806	88.000000
0.103806	88.000000
0.103806	88.000000
0.103806	88.000000
0.103806	88.000000
0.103806	88.000000
0.103806	88.000000
0.103806	88.000000
0.103806	88.000000
0.103806	88.000000
0.103806	88.000000
0.103806	88.000000
0.103806	88.000000
0.103806	88.000000
0.103806	88.000000
0.103806	88.000000
0.103806	88.000000
0.103806	88.000000
0.103806	88.000000
0.103806	88.000000
0.103806	88.000000
0.103806	88.000000
0.103806	88.000000
0.103806	88.000000


TEvsOR 2    ²©ÞÄ:
0.077121	68.000000
0.084833	68.000000
0.084833	73.000000
0.084833	70.000000
0.084833	68.000000
0.084833	73.000000
0.084833	70.000000
0.084833	68.000000
0.084833	73.000000
0.084833	70.000000
0.084833	68.000000
0.084833	73.000000
0.084833	70.000000
0.084833	68.000000
0.084833	73.000000
0.084833	70.000000
0.084833	68.000000
0.084833	73.000000
0.084833	70.000000
0.084833	68.000000
0.084833	73.000000
0.084833	70.000000
0.084833	68.000000
0.084833	73.000000
0.084833	70.000000
0.084833	68.000000
0.084833	73.000000
0.084833	70.000000
0.084833	68.000000
0.084833	73.000000
0.084833	70.000000
0.084833	68.000000
0.084833	73.000000
0.084833	70.000000
0.084833	68.000000
0.084833	73.000000
0.084833	70.000000
0.084833	68.000000
0.084833	73.000000
0.084833	70.000000
0.084833	68.000000
0.084833	73.000000
0.084833	70.000000
0.084833	68.000000
0.084833	73.000000
0.084833	70.000000
0.084833	68.000000
0.084833	73.000000
0.084833	70.000000
0.084833	68.000000
0.084833	73.000000
0.084833	70.000000
0.084833	68.000000
0.084833	73.000000
0.084833	70.000000
0.084833	68.000000
0.084833	73.000000
0.084833	70.000000
0.084833	68.000000
0.084833	73.000000
0.084833	70.000000
0.084833	68.000000
0.084833	73.000000
0.084833	70.000000
0.084833	68.000000
0.084833	73.000000
0.084833	70.000000
0.084833	68.000000
0.084833	73.000000
0.084833	70.000000
0.084833	68.000000
0.084833	73.000000
0.084833	70.000000
0.084833	68.000000
0.084833	73.000000
0.084833	70.000000
0.084833	68.000000
0.084833	73.000000
0.084833	70.000000
0.084833	68.000000
0.084833	73.000000
0.084833	70.000000
0.084833	68.000000
0.084833	73.000000
0.084833	70.000000
0.084833	68.000000
0.084833	73.000000
0.084833	70.000000
0.084833	68.000000
0.084833	73.000000
0.084833	70.000000
0.084833	68.000000
0.084833	73.000000
0.084833	70.000000
0.084833	68.000000
0.084833	73.000000
0.084833	70.000000
0.084833	68.000000
0.084833	73.000000
0.084833	70.000000


TEvsOR    ²©ÞÄ:
0.069409	69.000000
0.069409	69.000000
0.069409	69.000000
0.069409	69.000000
0.069409	69.000000
0.069409	69.000000
0.069409	69.000000
0.069409	69.000000
0.069409	69.000000
0.069409	69.000000
0.069409	69.000000
0.069409	69.000000
0.069409	69.000000
0.069409	69.000000
0.069409	69.000000
0.069409	69.000000
0.069409	69.000000
0.069409	69.000000
0.069409	69.000000
0.069409	69.000000
0.069409	69.000000
0.069409	69.000000
0.069409	69.000000
0.069409	69.000000
0.069409	69.000000
0.069409	69.000000
0.069409	69.000000
0.069409	69.000000
0.069409	69.000000
0.069409	69.000000
0.069409	69.000000
0.069409	69.000000
0.069409	69.000000
0.069409	69.000000
0.069409	69.000000
0.069409	69.000000
0.069409	69.000000
0.069409	69.000000
0.069409	69.000000
0.069409	69.000000
0.069409	69.000000
0.069409	69.000000
0.069409	69.000000
0.069409	69.000000
0.069409	69.000000
0.069409	69.000000
0.069409	69.000000
0.069409	69.000000
0.069409	69.000000
0.069409	69.000000
0.069409	69.000000
0.069409	69.000000
0.069409	69.000000
0.069409	69.000000
0.069409	69.000000
0.069409	69.000000
0.069409	69.000000
0.069409	69.000000
0.069409	69.000000
0.069409	69.000000
0.069409	69.000000
0.069409	69.000000
0.069409	69.000000
0.069409	69.000000
0.069409	69.000000
0.069409	69.000000
0.069409	69.000000
0.069409	69.000000
0.069409	69.000000
0.069409	69.000000
0.069409	69.000000
0.069409	69.000000
0.069409	69.000000
0.069409	69.000000
0.069409	69.000000
0.069409	69.000000
0.069409	69.000000
0.069409	69.000000
0.069409	69.000000
0.069409	69.000000
0.069409	69.000000
0.069409	69.000000
0.069409	69.000000
0.069409	69.000000
0.069409	69.000000
0.069409	69.000000
0.069409	69.000000
0.069409	69.000000
0.069409	69.000000
0.069409	69.000000
0.069409	69.000000
0.069409	69.000000
0.069409	69.000000
0.069409	69.000000
0.069409	69.000000
0.069409	69.000000
0.069409	69.000000
0.069409	69.000000
0.069409	69.000000
0.069409	69.000000


TEvsOR 2    ²©ÞÄ:
0.055215	69.000000
0.055215	69.000000
0.055215	69.000000
0.055215	69.000000
0.055215	69.000000
0.055215	69.000000
0.055215	69.000000
0.055215	69.000000
0.055215	69.000000
0.055215	69.000000
0.055215	69.000000
0.055215	69.000000
0.055215	69.000000
0.055215	69.000000
0.055215	69.000000
0.055215	69.000000
0.055215	69.000000
0.055215	69.000000
0.055215	69.000000
0.055215	69.000000
0.055215	69.000000
0.055215	69.000000
0.055215	69.000000
0.055215	69.000000
0.055215	69.000000
0.055215	69.000000
0.055215	69.000000
0.055215	69.000000
0.055215	69.000000
0.055215	69.000000
0.055215	69.000000
0.055215	69.000000
0.055215	69.000000
0.055215	69.000000
0.055215	69.000000
0.055215	69.000000
0.055215	69.000000
0.055215	69.000000
0.055215	69.000000
0.055215	69.000000
0.055215	69.000000
0.055215	69.000000
0.055215	69.000000
0.055215	69.000000
0.055215	69.000000
0.055215	69.000000
0.055215	69.000000
0.055215	69.000000
0.055215	69.000000
0.055215	69.000000
0.055215	69.000000
0.055215	69.000000
0.055215	69.000000
0.055215	69.000000
0.055215	69.000000
0.055215	69.000000
0.055215	69.000000
0.055215	69.000000
0.055215	69.000000
0.055215	69.000000
0.055215	69.000000
0.055215	69.000000
0.055215	69.000000
0.055215	69.000000
0.055215	69.000000
0.055215	69.000000
0.055215	69.000000
0.055215	69.000000
0.055215	69.000000
0.055215	69.000000
0.055215	69.000000
0.055215	69.000000
0.055215	69.000000
0.055215	69.000000
0.055215	69.000000
0.055215	69.000000
0.055215	69.000000
0.055215	69.000000
0.055215	69.000000
0.055215	69.000000
0.055215	69.000000
0.055215	69.000000
0.055215	69.000000
0.055215	69.000000
0.055215	69.000000
0.055215	69.000000
0.055215	69.000000
0.055215	69.000000
0.055215	69.000000
0.055215	69.000000
0.055215	69.000000
0.055215	69.000000
0.055215	69.000000
0.055215	69.000000
0.055215	69.000000
0.055215	69.000000
0.055215	69.000000
0.055215	69.000000
0.055215	69.000000
0.055215	69.000000


TEvsOR    ²©ÞÄ:
0.082979	73.000000
0.084444	71.000000
0.084444	85.000000
0.084444	85.000000
0.084444	85.000000
0.084444	85.000000
0.084444	85.000000
0.084444	85.000000
0.084444	85.000000
0.084444	85.000000
0.084444	85.000000
0.084444	85.000000
0.084444	85.000000
0.084444	85.000000
0.084444	85.000000
0.084444	85.000000
0.084444	85.000000
0.084444	85.000000
0.084444	85.000000
0.084444	85.000000
0.084444	85.000000
0.084444	85.000000
0.084444	85.000000
0.084444	85.000000
0.084444	85.000000
0.084444	85.000000
0.084444	85.000000
0.084444	85.000000
0.084444	85.000000
0.084444	85.000000
0.084444	85.000000
0.084444	85.000000
0.084444	85.000000
0.084444	85.000000
0.084444	85.000000
0.084444	85.000000
0.084444	85.000000
0.084444	85.000000
0.084444	85.000000
0.084444	85.000000
0.084444	85.000000
0.084444	85.000000
0.084444	85.000000
0.084444	85.000000
0.084444	85.000000
0.084444	85.000000
0.084444	85.000000
0.084444	85.000000
0.084444	85.000000
0.084444	85.000000
0.084444	85.000000
0.084444	85.000000
0.084444	85.000000
0.084444	85.000000
0.084444	85.000000
0.084444	85.000000
0.084444	85.000000
0.084444	85.000000
0.084444	85.000000
0.084444	85.000000
0.084444	85.000000
0.084444	85.000000
0.084444	85.000000
0.084444	85.000000
0.084444	85.000000
0.084444	85.000000
0.084444	85.000000
0.084444	85.000000
0.084444	85.000000
0.084444	85.000000
0.084444	85.000000
0.084444	85.000000
0.084444	85.000000
0.084444	85.000000
0.084444	85.000000
0.084444	85.000000
0.084444	85.000000
0.084444	85.000000
0.084444	85.000000
0.084444	85.000000
0.084444	85.000000
0.084444	85.000000
0.084444	85.000000
0.084444	85.000000
0.084444	85.000000
0.084444	85.000000
0.084444	85.000000
0.084444	85.000000
0.084444	85.000000
0.084444	85.000000
0.084444	85.000000
0.084444	85.000000
0.084444	85.000000
0.084444	85.000000
0.084444	85.000000
0.084444	85.000000
0.084444	85.000000
0.084444	85.000000
0.084444	85.000000
0.084444	85.000000


TEvsOR 2    ²©ÞÄ:
0.068421	66.000000
0.069091	102.000000
0.068421	66.000000
0.069091	102.000000
0.068421	66.000000
0.069091	102.000000
0.068421	66.000000
0.069091	102.000000
0.068421	66.000000
0.069091	102.000000
0.068421	66.000000
0.069091	102.000000
0.068421	66.000000
0.069091	102.000000
0.068421	66.000000
0.069091	102.000000
0.068421	66.000000
0.069091	102.000000
0.068421	66.000000
0.069091	102.000000
0.068421	66.000000
0.069091	102.000000
0.068421	66.000000
0.069091	102.000000
0.068421	66.000000
0.069091	102.000000
0.068421	66.000000
0.069091	102.000000
0.068421	66.000000
0.069091	102.000000
0.068421	66.000000
0.069091	102.000000
0.068421	66.000000
0.069091	102.000000
0.068421	66.000000
0.069091	102.000000
0.068421	66.000000
0.069091	102.000000
0.068421	66.000000
0.069091	102.000000
0.068421	66.000000
0.069091	102.000000
0.068421	66.000000
0.069091	102.000000
0.068421	66.000000
0.069091	102.000000
0.068421	66.000000
0.069091	102.000000
0.068421	66.000000
0.069091	102.000000
0.068421	66.000000
0.069091	102.000000
0.068421	66.000000
0.069091	102.000000
0.068421	66.000000
0.069091	102.000000
0.068421	66.000000
0.069091	102.000000
0.068421	66.000000
0.069091	102.000000
0.068421	66.000000
0.069091	102.000000
0.068421	66.000000
0.069091	102.000000
0.068421	66.000000
0.069091	102.000000
0.068421	66.000000
0.069091	102.000000
0.068421	66.000000
0.069091	102.000000
0.068421	66.000000
0.069091	102.000000
0.068421	66.000000
0.069091	102.000000
0.068421	66.000000
0.069091	102.000000
0.068421	66.000000
0.069091	102.000000
0.068421	66.000000
0.069091	102.000000
0.068421	66.000000
0.069091	102.000000
0.068421	66.000000
0.069091	102.000000
0.068421	66.000000
0.069091	102.000000
0.068421	66.000000
0.069091	102.000000
0.068421	66.000000
0.069091	102.000000
0.068421	66.000000
0.069091	102.000000
0.068421	66.000000
0.069091	102.000000
0.068421	66.000000
0.069091	102.000000
0.068421	66.000000
0.069091	102.000000
0.068421	66.000000
0.069091	102.000000


TEvsOR    ²©ÞÄ:
0.051903	80.000000
0.051903	76.000000
0.059754	88.000000
0.051903	63.000000
0.053633	95.000000
0.053633	95.000000
0.053633	95.000000
0.053633	95.000000
0.053633	95.000000
0.053633	95.000000
0.053633	95.000000
0.053633	95.000000
0.053633	95.000000
0.053633	95.000000
0.053633	95.000000
0.053633	95.000000
0.053633	95.000000
0.053633	95.000000
0.053633	95.000000
0.053633	95.000000
0.053633	95.000000
0.053633	95.000000
0.053633	95.000000
0.053633	95.000000
0.053633	95.000000
0.053633	95.000000
0.053633	95.000000
0.053633	95.000000
0.053633	95.000000
0.053633	95.000000
0.053633	95.000000
0.053633	95.000000
0.053633	95.000000
0.053633	95.000000
0.053633	95.000000
0.053633	95.000000
0.053633	95.000000
0.053633	95.000000
0.053633	95.000000
0.053633	95.000000
0.053633	95.000000
0.053633	95.000000
0.053633	95.000000
0.053633	95.000000
0.053633	95.000000
0.053633	95.000000
0.053633	95.000000
0.053633	95.000000
0.053633	95.000000
0.053633	95.000000
0.053633	95.000000
0.053633	95.000000
0.053633	95.000000
0.053633	95.000000
0.053633	95.000000
0.053633	95.000000
0.053633	95.000000
0.053633	95.000000
0.053633	95.000000
0.053633	95.000000
0.053633	95.000000
0.053633	95.000000
0.053633	95.000000
0.053633	95.000000
0.053633	95.000000
0.053633	95.000000
0.053633	95.000000
0.053633	95.000000
0.053633	95.000000
0.053633	95.000000
0.053633	95.000000
0.053633	95.000000
0.053633	95.000000
0.053633	95.000000
0.053633	95.000000
0.053633	95.000000
0.053633	95.000000
0.053633	95.000000
0.053633	95.000000
0.053633	95.000000
0.053633	95.000000
0.053633	95.000000
0.053633	95.000000
0.053633	95.000000
0.053633	95.000000
0.053633	95.000000
0.053633	95.000000
0.053633	95.000000
0.053633	95.000000
0.053633	95.000000
0.053633	95.000000
0.053633	95.000000
0.053633	95.000000
0.053633	95.000000
0.053633	95.000000
0.053633	95.000000
0.053633	95.000000
0.053633	95.000000
0.053633	95.000000
0.053633	95.000000


TEvsOR 2    ²©ÞÄ:
0.044248	83.000000
0.050822	98.000000
0.050822	84.000000
0.044248	81.000000
0.044248	74.000000
0.044248	74.000000
0.044248	74.000000
0.044248	74.000000
0.044248	74.000000
0.044248	74.000000
0.044248	74.000000
0.044248	74.000000
0.044248	74.000000
0.044248	74.000000
0.044248	74.000000
0.044248	74.000000
0.044248	74.000000
0.044248	74.000000
0.044248	74.000000
0.044248	74.000000
0.044248	74.000000
0.044248	74.000000
0.044248	74.000000
0.044248	74.000000
0.044248	74.000000
0.044248	74.000000
0.044248	74.000000
0.044248	74.000000
0.044248	74.000000
0.044248	74.000000
0.044248	74.000000
0.044248	74.000000
0.044248	74.000000
0.044248	74.000000
0.044248	74.000000
0.044248	74.000000
0.044248	74.000000
0.044248	74.000000
0.044248	74.000000
0.044248	74.000000
0.044248	74.000000
0.044248	74.000000
0.044248	74.000000
0.044248	74.000000
0.044248	74.000000
0.044248	74.000000
0.044248	74.000000
0.044248	74.000000
0.044248	74.000000
0.044248	74.000000
0.044248	74.000000
0.044248	74.000000
0.044248	74.000000
0.044248	74.000000
0.044248	74.000000
0.044248	74.000000
0.044248	74.000000
0.044248	74.000000
0.044248	74.000000
0.044248	74.000000
0.044248	74.000000
0.044248	74.000000
0.044248	74.000000
0.044248	74.000000
0.044248	74.000000
0.044248	74.000000
0.044248	74.000000
0.044248	74.000000
0.044248	74.000000
0.044248	74.000000
0.044248	74.000000
0.044248	74.000000
0.044248	74.000000
0.044248	74.000000
0.044248	74.000000
0.044248	74.000000
0.044248	74.000000
0.044248	74.000000
0.044248	74.000000
0.044248	74.000000
0.044248	74.000000
0.044248	74.000000
0.044248	74.000000
0.044248	74.000000
0.044248	74.000000
0.044248	74.000000
0.044248	74.000000
0.044248	74.000000
0.044248	74.000000
0.044248	74.000000
0.044248	74.000000
0.044248	74.000000
0.044248	74.000000
0.044248	74.000000
0.044248	74.000000
0.044248	74.000000
0.044248	74.000000
0.044248	74.000000
0.044248	74.000000
0.044248	74.000000


TEvsOR    ²©ÞÄ:
0.041854	95.000000
0.041854	101.000000
0.043348	78.000000
0.044776	102.000000
0.043348	75.000000
0.046269	95.000000
0.046269	95.000000
0.046269	95.000000
0.046269	95.000000
0.046269	95.000000
0.046269	95.000000
0.046269	95.000000
0.046269	95.000000
0.046269	95.000000
0.046269	95.000000
0.046269	95.000000
0.046269	95.000000
0.046269	95.000000
0.046269	95.000000
0.046269	95.000000
0.046269	95.000000
0.046269	95.000000
0.046269	95.000000
0.046269	95.000000
0.046269	95.000000
0.046269	95.000000
0.046269	95.000000
0.046269	95.000000
0.046269	95.000000
0.046269	95.000000
0.046269	95.000000
0.046269	95.000000
0.046269	95.000000
0.046269	95.000000
0.046269	95.000000
0.046269	95.000000
0.046269	95.000000
0.046269	95.000000
0.046269	95.000000
0.046269	95.000000
0.046269	95.000000
0.046269	95.000000
0.046269	95.000000
0.046269	95.000000
0.046269	95.000000
0.046269	95.000000
0.046269	95.000000
0.046269	95.000000
0.046269	95.000000
0.046269	95.000000
0.046269	95.000000
0.046269	95.000000
0.046269	95.000000
0.046269	95.000000
0.046269	95.000000
0.046269	95.000000
0.046269	95.000000
0.046269	95.000000
0.046269	95.000000
0.046269	95.000000
0.046269	95.000000
0.046269	95.000000
0.046269	95.000000
0.046269	95.000000
0.046269	95.000000
0.046269	95.000000
0.046269	95.000000
0.046269	95.000000
0.046269	95.000000
0.046269	95.000000
0.046269	95.000000
0.046269	95.000000
0.046269	95.000000
0.046269	95.000000
0.046269	95.000000
0.046269	95.000000
0.046269	95.000000
0.046269	95.000000
0.046269	95.000000
0.046269	95.000000
0.046269	95.000000
0.046269	95.000000
0.046269	95.000000
0.046269	95.000000
0.046269	95.000000
0.046269	95.000000
0.046269	95.000000
0.046269	95.000000
0.046269	95.000000
0.046269	95.000000
0.046269	95.000000
0.046269	95.000000
0.046269	95.000000
0.046269	95.000000
0.046269	95.000000
0.046269	95.000000
0.046269	95.000000
0.046269	95.000000
0.046269	95.000000
0.046269	95.000000


TEvsOR 2    ²©ÞÄ:
0.036411	96.000000
0.039541	106.000000
0.040558	96.000000
0.039541	94.000000
0.040558	92.000000
0.040260	97.000000
0.040312	105.000000
0.040312	105.000000
0.040312	105.000000
0.040312	105.000000
0.040312	105.000000
0.040312	105.000000
0.040312	105.000000
0.040312	105.000000
0.040312	105.000000
0.040312	105.000000
0.040312	105.000000
0.040312	105.000000
0.040312	105.000000
0.040312	105.000000
0.040312	105.000000
0.040312	105.000000
0.040312	105.000000
0.040312	105.000000
0.040312	105.000000
0.040312	105.000000
0.040312	105.000000
0.040312	105.000000
0.040312	105.000000
0.040312	105.000000
0.040312	105.000000
0.040312	105.000000
0.040312	105.000000
0.040312	105.000000
0.040312	105.000000
0.040312	105.000000
0.040312	105.000000
0.040312	105.000000
0.040312	105.000000
0.040312	105.000000
0.040312	105.000000
0.040312	105.000000
0.040312	105.000000
0.040312	105.000000
0.040312	105.000000
0.040312	105.000000
0.040312	105.000000
0.040312	105.000000
0.040312	105.000000
0.040312	105.000000
0.040312	105.000000
0.040312	105.000000
0.040312	105.000000
0.040312	105.000000
0.040312	105.000000
0.040312	105.000000
0.040312	105.000000
0.040312	105.000000
0.040312	105.000000
0.040312	105.000000
0.040312	105.000000
0.040312	105.000000
0.040312	105.000000
0.040312	105.000000
0.040312	105.000000
0.040312	105.000000
0.040312	105.000000
0.040312	105.000000
0.040312	105.000000
0.040312	105.000000
0.040312	105.000000
0.040312	105.000000
0.040312	105.000000
0.040312	105.000000
0.040312	105.000000
0.040312	105.000000
0.040312	105.000000
0.040312	105.000000
0.040312	105.000000
0.040312	105.000000
0.040312	105.000000
0.040312	105.000000
0.040312	105.000000
0.040312	105.000000
0.040312	105.000000
0.040312	105.000000
0.040312	105.000000
0.040312	105.000000
0.040312	105.000000
0.040312	105.000000
0.040312	105.000000
0.040312	105.000000
0.040312	105.000000
0.040312	105.000000
0.040312	105.000000
0.040312	105.000000
0.040312	105.000000
0.040312	105.000000
0.040312	105.000000
0.040312	105.000000


TEvsOR    ²©ÞÄ:
0.045627	70.000000
0.045627	66.000000
0.045627	66.000000
0.045627	66.000000
0.045627	66.000000
0.045627	66.000000
0.045627	66.000000
0.045627	66.000000
0.045627	66.000000
0.045627	66.000000
0.045627	66.000000
0.045627	66.000000
0.045627	66.000000
0.045627	66.000000
0.045627	66.000000
0.045627	66.000000
0.045627	66.000000
0.045627	66.000000
0.045627	66.000000
0.045627	66.000000
0.045627	66.000000
0.045627	66.000000
0.045627	66.000000
0.045627	66.000000
0.045627	66.000000
0.045627	66.000000
0.045627	66.000000
0.045627	66.000000
0.045627	66.000000
0.045627	66.000000
0.045627	66.000000
0.045627	66.000000
0.045627	66.000000
0.045627	66.000000
0.045627	66.000000
0.045627	66.000000
0.045627	66.000000
0.045627	66.000000
0.045627	66.000000
0.045627	66.000000
0.045627	66.000000
0.045627	66.000000
0.045627	66.000000
0.045627	66.000000
0.045627	66.000000
0.045627	66.000000
0.045627	66.000000
0.045627	66.000000
0.045627	66.000000
0.045627	66.000000
0.045627	66.000000
0.045627	66.000000
0.045627	66.000000
0.045627	66.000000
0.045627	66.000000
0.045627	66.000000
0.045627	66.000000
0.045627	66.000000
0.045627	66.000000
0.045627	66.000000
0.045627	66.000000
0.045627	66.000000
0.045627	66.000000
0.045627	66.000000
0.045627	66.000000
0.045627	66.000000
0.045627	66.000000
0.045627	66.000000
0.045627	66.000000
0.045627	66.000000
0.045627	66.000000
0.045627	66.000000
0.045627	66.000000
0.045627	66.000000
0.045627	66.000000
0.045627	66.000000
0.045627	66.000000
0.045627	66.000000
0.045627	66.000000
0.045627	66.000000
0.045627	66.000000
0.045627	66.000000
0.045627	66.000000
0.045627	66.000000
0.045627	66.000000
0.045627	66.000000
0.045627	66.000000
0.045627	66.000000
0.045627	66.000000
0.045627	66.000000
0.045627	66.000000
0.045627	66.000000
0.045627	66.000000
0.045627	66.000000
0.045627	66.000000
0.045627	66.000000
0.045627	66.000000
0.045627	66.000000
0.045627	66.000000
0.045627	66.000000


TEvsOR 2    ²©ÞÄ:
0.040495	70.000000
0.040495	70.000000
0.040495	70.000000
0.040495	70.000000
0.040495	70.000000
0.040495	70.000000
0.040495	70.000000
0.040495	70.000000
0.040495	70.000000
0.040495	70.000000
0.040495	70.000000
0.040495	70.000000
0.040495	70.000000
0.040495	70.000000
0.040495	70.000000
0.040495	70.000000
0.040495	70.000000
0.040495	70.000000
0.040495	70.000000
0.040495	70.000000
0.040495	70.000000
0.040495	70.000000
0.040495	70.000000
0.040495	70.000000
0.040495	70.000000
0.040495	70.000000
0.040495	70.000000
0.040495	70.000000
0.040495	70.000000
0.040495	70.000000
0.040495	70.000000
0.040495	70.000000
0.040495	70.000000
0.040495	70.000000
0.040495	70.000000
0.040495	70.000000
0.040495	70.000000
0.040495	70.000000
0.040495	70.000000
0.040495	70.000000
0.040495	70.000000
0.040495	70.000000
0.040495	70.000000
0.040495	70.000000
0.040495	70.000000
0.040495	70.000000
0.040495	70.000000
0.040495	70.000000
0.040495	70.000000
0.040495	70.000000
0.040495	70.000000
0.040495	70.000000
0.040495	70.000000
0.040495	70.000000
0.040495	70.000000
0.040495	70.000000
0.040495	70.000000
0.040495	70.000000
0.040495	70.000000
0.040495	70.000000
0.040495	70.000000
0.040495	70.000000
0.040495	70.000000
0.040495	70.000000
0.040495	70.000000
0.040495	70.000000
0.040495	70.000000
0.040495	70.000000
0.040495	70.000000
0.040495	70.000000
0.040495	70.000000
0.040495	70.000000
0.040495	70.000000
0.040495	70.000000
0.040495	70.000000
0.040495	70.000000
0.040495	70.000000
0.040495	70.000000
0.040495	70.000000
0.040495	70.000000
0.040495	70.000000
0.040495	70.000000
0.040495	70.000000
0.040495	70.000000
0.040495	70.000000
0.040495	70.000000
0.040495	70.000000
0.040495	70.000000
0.040495	70.000000
0.040495	70.000000
0.040495	70.000000
0.040495	70.000000
0.040495	70.000000
0.040495	70.000000
0.040495	70.000000
0.040495	70.000000
0.040495	70.000000
0.040495	70.000000
0.040495	70.000000
0.040495	70.000000


TEvsOR    ²©ÞÄ:
0.031496	68.000000
0.031496	68.000000
0.031496	68.000000
0.031496	68.000000
0.031496	68.000000
0.031496	68.000000
0.031496	68.000000
0.031496	68.000000
0.031496	68.000000
0.031496	68.000000
0.031496	68.000000
0.031496	68.000000
0.031496	68.000000
0.031496	68.000000
0.031496	68.000000
0.031496	68.000000
0.031496	68.000000
0.031496	68.000000
0.031496	68.000000
0.031496	68.000000
0.031496	68.000000
0.031496	68.000000
0.031496	68.000000
0.031496	68.000000
0.031496	68.000000
0.031496	68.000000
0.031496	68.000000
0.031496	68.000000
0.031496	68.000000
0.031496	68.000000
0.031496	68.000000
0.031496	68.000000
0.031496	68.000000
0.031496	68.000000
0.031496	68.000000
0.031496	68.000000
0.031496	68.000000
0.031496	68.000000
0.031496	68.000000
0.031496	68.000000
0.031496	68.000000
0.031496	68.000000
0.031496	68.000000
0.031496	68.000000
0.031496	68.000000
0.031496	68.000000
0.031496	68.000000
0.031496	68.000000
0.031496	68.000000
0.031496	68.000000
0.031496	68.000000
0.031496	68.000000
0.031496	68.000000
0.031496	68.000000
0.031496	68.000000
0.031496	68.000000
0.031496	68.000000
0.031496	68.000000
0.031496	68.000000
0.031496	68.000000
0.031496	68.000000
0.031496	68.000000
0.031496	68.000000
0.031496	68.000000
0.031496	68.000000
0.031496	68.000000
0.031496	68.000000
0.031496	68.000000
0.031496	68.000000
0.031496	68.000000
0.031496	68.000000
0.031496	68.000000
0.031496	68.000000
0.031496	68.000000
0.031496	68.000000
0.031496	68.000000
0.031496	68.000000
0.031496	68.000000
0.031496	68.000000
0.031496	68.000000
0.031496	68.000000
0.031496	68.000000
0.031496	68.000000
0.031496	68.000000
0.031496	68.000000
0.031496	68.000000
0.031496	68.000000
0.031496	68.000000
0.031496	68.000000
0.031496	68.000000
0.031496	68.000000
0.031496	68.000000
0.031496	68.000000
0.031496	68.000000
0.031496	68.000000
0.031496	68.000000
0.031496	68.000000
0.031496	68.000000
0.031496	68.000000
0.031496	68.000000


TEvsOR 2    ²©ÞÄ:
0.028311	68.000000
0.028311	68.000000
0.028311	68.000000
0.028311	68.000000
0.028311	68.000000
0.028311	68.000000
0.028311	68.000000
0.028311	68.000000
0.028311	68.000000
0.028311	68.000000
0.028311	68.000000
0.028311	68.000000
0.028311	68.000000
0.028311	68.000000
0.028311	68.000000
0.028311	68.000000
0.028311	68.000000
0.028311	68.000000
0.028311	68.000000
0.028311	68.000000
0.028311	68.000000
0.028311	68.000000
0.028311	68.000000
0.028311	68.000000
0.028311	68.000000
0.028311	68.000000
0.028311	68.000000
0.028311	68.000000
0.028311	68.000000
0.028311	68.000000
0.028311	68.000000
0.028311	68.000000
0.028311	68.000000
0.028311	68.000000
0.028311	68.000000
0.028311	68.000000
0.028311	68.000000
0.028311	68.000000
0.028311	68.000000
0.028311	68.000000
0.028311	68.000000
0.028311	68.000000
0.028311	68.000000
0.028311	68.000000
0.028311	68.000000
0.028311	68.000000
0.028311	68.000000
0.028311	68.000000
0.028311	68.000000
0.028311	68.000000
0.028311	68.000000
0.028311	68.000000
0.028311	68.000000
0.028311	68.000000
0.028311	68.000000
0.028311	68.000000
0.028311	68.000000
0.028311	68.000000
0.028311	68.000000
0.028311	68.000000
0.028311	68.000000
0.028311	68.000000
0.028311	68.000000
0.028311	68.000000
0.028311	68.000000
0.028311	68.000000
0.028311	68.000000
0.028311	68.000000
0.028311	68.000000
0.028311	68.000000
0.028311	68.000000
0.028311	68.000000
0.028311	68.000000
0.028311	68.000000
0.028311	68.000000
0.028311	68.000000
0.028311	68.000000
0.028311	68.000000
0.028311	68.000000
0.028311	68.000000
0.028311	68.000000
0.028311	68.000000
0.028311	68.000000
0.028311	68.000000
0.028311	68.000000
0.028311	68.000000
0.028311	68.000000
0.028311	68.000000
0.028311	68.000000
0.028311	68.000000
0.028311	68.000000
0.028311	68.000000
0.028311	68.000000
0.028311	68.000000
0.028311	68.000000
0.028311	68.000000
0.028311	68.000000
0.028311	68.000000
0.028311	68.000000
0.028311	68.000000


TEvsOR    ²©ÞÄ:
0.037412	76.000000
0.037412	73.000000
0.037412	89.000000
0.037412	76.000000
0.037412	73.000000
0.037412	89.000000
0.037412	76.000000
0.037412	73.000000
0.037412	89.000000
0.037412	76.000000
0.037412	73.000000
0.037412	89.000000
0.037412	76.000000
0.037412	73.000000
0.037412	89.000000
0.037412	76.000000
0.037412	73.000000
0.037412	89.000000
0.037412	76.000000
0.037412	73.000000
0.037412	89.000000
0.037412	76.000000
0.037412	73.000000
0.037412	89.000000
0.037412	76.000000
0.037412	73.000000
0.037412	89.000000
0.037412	76.000000
0.037412	73.000000
0.037412	89.000000
0.037412	76.000000
0.037412	73.000000
0.037412	89.000000
0.037412	76.000000
0.037412	73.000000
0.037412	89.000000
0.037412	76.000000
0.037412	73.000000
0.037412	89.000000
0.037412	76.000000
0.037412	73.000000
0.037412	89.000000
0.037412	76.000000
0.037412	73.000000
0.037412	89.000000
0.037412	76.000000
0.037412	73.000000
0.037412	89.000000
0.037412	76.000000
0.037412	73.000000
0.037412	89.000000
0.037412	76.000000
0.037412	73.000000
0.037412	89.000000
0.037412	76.000000
0.037412	73.000000
0.037412	89.000000
0.037412	76.000000
0.037412	73.000000
0.037412	89.000000
0.037412	76.000000
0.037412	73.000000
0.037412	89.000000
0.037412	76.000000
0.037412	73.000000
0.037412	89.000000
0.037412	76.000000
0.037412	73.000000
0.037412	89.000000
0.037412	76.000000
0.037412	73.000000
0.037412	89.000000
0.037412	76.000000
0.037412	73.000000
0.037412	89.000000
0.037412	76.000000
0.037412	73.000000
0.037412	89.000000
0.037412	76.000000
0.037412	73.000000
0.037412	89.000000
0.037412	76.000000
0.037412	73.000000
0.037412	89.000000
0.037412	76.000000
0.037412	73.000000
0.037412	89.000000
0.037412	76.000000
0.037412	73.000000
0.037412	89.000000
0.037412	76.000000
0.037412	73.000000
0.037412	89.000000
0.037412	76.000000
0.037412	73.000000
0.037412	89.000000
0.037412	76.000000
0.037412	73.000000
0.037412	89.000000
0.037412	76.000000


TEvsOR 2    ²©ÞÄ:
0.033976	77.000000
0.033976	70.000000
0.033976	77.000000
0.033976	70.000000
0.033976	77.000000
0.033976	70.000000
0.033976	77.000000
0.033976	70.000000
0.033976	77.000000
0.033976	70.000000
0.033976	77.000000
0.033976	70.000000
0.033976	77.000000
0.033976	70.000000
0.033976	77.000000
0.033976	70.000000
0.033976	77.000000
0.033976	70.000000
0.033976	77.000000
0.033976	70.000000
0.033976	77.000000
0.033976	70.000000
0.033976	77.000000
0.033976	70.000000
0.033976	77.000000
0.033976	70.000000
0.033976	77.000000
0.033976	70.000000
0.033976	77.000000
0.033976	70.000000
0.033976	77.000000
0.033976	70.000000
0.033976	77.000000
0.033976	70.000000
0.033976	77.000000
0.033976	70.000000
0.033976	77.000000
0.033976	70.000000
0.033976	77.000000
0.033976	70.000000
0.033976	77.000000
0.033976	70.000000
0.033976	77.000000
0.033976	70.000000
0.033976	77.000000
0.033976	70.000000
0.033976	77.000000
0.033976	70.000000
0.033976	77.000000
0.033976	70.000000
0.033976	77.000000
0.033976	70.000000
0.033976	77.000000
0.033976	70.000000
0.033976	77.000000
0.033976	70.000000
0.033976	77.000000
0.033976	70.000000
0.033976	77.000000
0.033976	70.000000
0.033976	77.000000
0.033976	70.000000
0.033976	77.000000
0.033976	70.000000
0.033976	77.000000
0.033976	70.000000
0.033976	77.000000
0.033976	70.000000
0.033976	77.000000
0.033976	70.000000
0.033976	77.000000
0.033976	70.000000
0.033976	77.000000
0.033976	70.000000
0.033976	77.000000
0.033976	70.000000
0.033976	77.000000
0.033976	70.000000
0.033976	77.000000
0.033976	70.000000
0.033976	77.000000
0.033976	70.000000
0.033976	77.000000
0.033976	70.000000
0.033976	77.000000
0.033976	70.000000
0.033976	77.000000
0.033976	70.000000
0.033976	77.000000
0.033976	70.000000
0.033976	77.000000
0.033976	70.000000
0.033976	77.000000
0.033976	70.000000
0.033976	77.000000
0.033976	70.000000
0.033976	77.000000
0.033976	70.000000
0.033976	77.000000
0.033976	70.000000


