TEvsOR    ²©ÞÄ:
0.214286	3.593308
0.387500	6.533952
0.400000	6.750277
0.412500	6.547769
0.412500	7.073564
0.600000	8.353458
0.425000	9.335813
0.328571	5.143157
0.287500	5.519658
0.237500	5.168244
0.328571	7.353873
0.237500	5.272607
0.328571	6.117645
0.237500	5.272607
0.328571	6.117645
0.237500	5.272607
0.328571	6.117645
0.237500	5.272607
0.328571	6.117645
0.237500	5.272607
0.328571	6.117645
0.237500	5.272607
0.328571	6.117645
0.237500	5.272607
0.328571	6.117645
0.237500	5.272607
0.328571	6.117645
0.237500	5.272607
0.328571	6.117645
0.237500	5.272607
0.328571	6.117645
0.237500	5.272607
0.328571	6.117645
0.237500	5.272607
0.328571	6.117645
0.237500	5.272607
0.328571	6.117645
0.237500	5.272607
0.328571	6.117645
0.237500	5.272607
0.328571	6.117645
0.237500	5.272607
0.328571	6.117645
0.237500	5.272607
0.328571	6.117645
0.237500	5.272607
0.328571	6.117645
0.237500	5.272607
0.328571	6.117645
0.237500	5.272607
0.328571	6.117645
0.237500	5.272607
0.328571	6.117645
0.237500	5.272607
0.328571	6.117645
0.237500	5.272607
0.328571	6.117645
0.237500	5.272607
0.328571	6.117645
0.237500	5.272607
0.328571	6.117645
0.237500	5.272607
0.328571	6.117645
0.237500	5.272607
0.328571	6.117645
0.237500	5.272607
0.328571	6.117645
0.237500	5.272607
0.328571	6.117645
0.237500	5.272607
0.328571	6.117645
0.237500	5.272607
0.328571	6.117645
0.237500	5.272607
0.328571	6.117645
0.237500	5.272607
0.328571	6.117645
0.237500	5.272607
0.328571	6.117645
0.237500	5.272607
0.328571	6.117645
0.237500	5.272607
0.328571	6.117645
0.237500	5.272607
0.328571	6.117645
0.237500	5.272607
0.328571	6.117645
0.237500	5.272607
0.328571	6.117645
0.237500	5.272607
0.328571	6.117645
0.237500	5.272607
0.328571	6.117645
0.237500	5.272607
0.328571	6.117645
0.237500	5.272607
0.328571	6.117645
0.237500	5.272607
0.328571	6.117645
0.237500	5.272607


TEvsOR clear    ²©ÞÄ:
0.214286	3.593308
0.387500	4.801964
0.542857	5.444893
0.762500	5.325688
0.425000	5.710693
0.500000	8.040225
0.642857	3.927051
0.450000	3.693826
0.442857	4.739343
0.712500	6.777211
0.287500	3.977083
0.485714	6.983210
0.214286	3.593308
0.387500	4.801964
0.542857	5.444893
0.762500	5.325688
0.425000	5.710693
0.500000	8.040225
0.642857	3.927051
0.450000	3.693826
0.442857	4.739343
0.712500	6.777211
0.287500	3.977083
0.485714	6.983210
0.214286	3.593308
0.387500	4.801964
0.542857	5.444893
0.762500	5.325688
0.425000	5.710693
0.500000	8.040225
0.642857	3.927051
0.450000	3.693826
0.442857	4.739343
0.712500	6.777211
0.287500	3.977083
0.485714	6.983210
0.214286	3.593308
0.387500	4.801964
0.542857	5.444893
0.762500	5.325688
0.425000	5.710693
0.500000	8.040225
0.642857	3.927051
0.450000	3.693826
0.442857	4.739343
0.712500	6.777211
0.287500	3.977083
0.485714	6.983210
0.214286	3.593308
0.387500	4.801964
0.542857	5.444893
0.762500	5.325688
0.425000	5.710693
0.500000	8.040225
0.642857	3.927051
0.450000	3.693826
0.442857	4.739343
0.712500	6.777211
0.287500	3.977083
0.485714	6.983210
0.214286	3.593308
0.387500	4.801964
0.542857	5.444893
0.762500	5.325688
0.425000	5.710693
0.500000	8.040225
0.642857	3.927051
0.450000	3.693826
0.442857	4.739343
0.712500	6.777211
0.287500	3.977083
0.485714	6.983210
0.214286	3.593308
0.387500	4.801964
0.542857	5.444893
0.762500	5.325688
0.425000	5.710693
0.500000	8.040225
0.642857	3.927051
0.450000	3.693826
0.442857	4.739343
0.712500	6.777211
0.287500	3.977083
0.485714	6.983210
0.214286	3.593308
0.387500	4.801964
0.542857	5.444893
0.762500	5.325688
0.425000	5.710693
0.500000	8.040225
0.642857	3.927051
0.450000	3.693826
0.442857	4.739343
0.712500	6.777211
0.287500	3.977083
0.485714	6.983210
0.214286	3.593308
0.387500	4.801964
0.542857	5.444893
0.762500	5.325688


TEvsOR    ²©ÞÄ:
0.314286	5.637681
0.475000	8.361685
0.371429	7.781028
0.457143	8.609686
0.328571	5.256082
0.371429	6.364313
0.500000	11.559369
0.314286	5.637681
0.475000	8.361685
0.371429	7.781028
0.457143	8.609686
0.328571	5.256082
0.371429	6.364313
0.500000	11.559369
0.314286	5.637681
0.475000	8.361685
0.371429	7.781028
0.457143	8.609686
0.328571	5.256082
0.371429	6.364313
0.500000	11.559369
0.314286	5.637681
0.475000	8.361685
0.371429	7.781028
0.457143	8.609686
0.328571	5.256082
0.371429	6.364313
0.500000	11.559369
0.314286	5.637681
0.475000	8.361685
0.371429	7.781028
0.457143	8.609686
0.328571	5.256082
0.371429	6.364313
0.500000	11.559369
0.314286	5.637681
0.475000	8.361685
0.371429	7.781028
0.457143	8.609686
0.328571	5.256082
0.371429	6.364313
0.500000	11.559369
0.314286	5.637681
0.475000	8.361685
0.371429	7.781028
0.457143	8.609686
0.328571	5.256082
0.371429	6.364313
0.500000	11.559369
0.314286	5.637681
0.475000	8.361685
0.371429	7.781028
0.457143	8.609686
0.328571	5.256082
0.371429	6.364313
0.500000	11.559369
0.314286	5.637681
0.475000	8.361685
0.371429	7.781028
0.457143	8.609686
0.328571	5.256082
0.371429	6.364313
0.500000	11.559369
0.314286	5.637681
0.475000	8.361685
0.371429	7.781028
0.457143	8.609686
0.328571	5.256082
0.371429	6.364313
0.500000	11.559369
0.314286	5.637681
0.475000	8.361685
0.371429	7.781028
0.457143	8.609686
0.328571	5.256082
0.371429	6.364313
0.500000	11.559369
0.314286	5.637681
0.475000	8.361685
0.371429	7.781028
0.457143	8.609686
0.328571	5.256082
0.371429	6.364313
0.500000	11.559369
0.314286	5.637681
0.475000	8.361685
0.371429	7.781028
0.457143	8.609686
0.328571	5.256082
0.371429	6.364313
0.500000	11.559369
0.314286	5.637681
0.475000	8.361685
0.371429	7.781028
0.457143	8.609686
0.328571	5.256082
0.371429	6.364313
0.500000	11.559369
0.314286	5.637681
0.475000	8.361685


TEvsOR clear    ²©ÞÄ:
0.314286	5.637681
0.475000	7.395875
0.371429	5.305861
0.314286	5.585806
0.371429	5.549698
0.512500	6.947511
0.437500	5.487486
0.371429	7.182134
0.371429	6.874940
0.814286	17.781494
0.500000	9.023836
0.357143	5.668696
0.500000	6.979782
0.371429	5.812031
0.462500	7.770444
0.371429	5.549698
0.512500	6.947511
0.437500	5.487486
0.371429	7.182134
0.371429	6.874940
0.814286	17.781494
0.500000	9.023836
0.357143	5.668696
0.500000	6.979782
0.371429	5.812031
0.462500	7.770444
0.371429	5.549698
0.512500	6.947511
0.437500	5.487486
0.371429	7.182134
0.371429	6.874940
0.814286	17.781494
0.500000	9.023836
0.357143	5.668696
0.500000	6.979782
0.371429	5.812031
0.462500	7.770444
0.371429	5.549698
0.512500	6.947511
0.437500	5.487486
0.371429	7.182134
0.371429	6.874940
0.814286	17.781494
0.500000	9.023836
0.357143	5.668696
0.500000	6.979782
0.371429	5.812031
0.462500	7.770444
0.371429	5.549698
0.512500	6.947511
0.437500	5.487486
0.371429	7.182134
0.371429	6.874940
0.814286	17.781494
0.500000	9.023836
0.357143	5.668696
0.500000	6.979782
0.371429	5.812031
0.462500	7.770444
0.371429	5.549698
0.512500	6.947511
0.437500	5.487486
0.371429	7.182134
0.371429	6.874940
0.814286	17.781494
0.500000	9.023836
0.357143	5.668696
0.500000	6.979782
0.371429	5.812031
0.462500	7.770444
0.371429	5.549698
0.512500	6.947511
0.437500	5.487486
0.371429	7.182134
0.371429	6.874940
0.814286	17.781494
0.500000	9.023836
0.357143	5.668696
0.500000	6.979782
0.371429	5.812031
0.462500	7.770444
0.371429	5.549698
0.512500	6.947511
0.437500	5.487486
0.371429	7.182134
0.371429	6.874940
0.814286	17.781494
0.500000	9.023836
0.357143	5.668696
0.500000	6.979782
0.371429	5.812031
0.462500	7.770444
0.371429	5.549698
0.512500	6.947511
0.437500	5.487486
0.371429	7.182134
0.371429	6.874940
0.814286	17.781494
0.500000	9.023836
0.357143	5.668696


TEvsOR    ²©ÞÄ:
0.233333	3.301322
0.322222	5.229630
0.257143	4.365934
0.288889	4.338640
0.250000	4.052233
0.271429	3.672788
0.275000	4.134915
0.350000	4.104534
0.350000	4.989776
0.337500	4.336637
0.400000	6.744858
0.250000	4.642984
0.271429	5.040439
0.275000	5.004479
0.271429	5.040439
0.275000	5.004479
0.271429	5.040439
0.275000	5.004479
0.271429	5.040439
0.275000	5.004479
0.271429	5.040439
0.275000	5.004479
0.271429	5.040439
0.275000	5.004479
0.271429	5.040439
0.275000	5.004479
0.271429	5.040439
0.275000	5.004479
0.271429	5.040439
0.275000	5.004479
0.271429	5.040439
0.275000	5.004479
0.271429	5.040439
0.275000	5.004479
0.271429	5.040439
0.275000	5.004479
0.271429	5.040439
0.275000	5.004479
0.271429	5.040439
0.275000	5.004479
0.271429	5.040439
0.275000	5.004479
0.271429	5.040439
0.275000	5.004479
0.271429	5.040439
0.275000	5.004479
0.271429	5.040439
0.275000	5.004479
0.271429	5.040439
0.275000	5.004479
0.271429	5.040439
0.275000	5.004479
0.271429	5.040439
0.275000	5.004479
0.271429	5.040439
0.275000	5.004479
0.271429	5.040439
0.275000	5.004479
0.271429	5.040439
0.275000	5.004479
0.271429	5.040439
0.275000	5.004479
0.271429	5.040439
0.275000	5.004479
0.271429	5.040439
0.275000	5.004479
0.271429	5.040439
0.275000	5.004479
0.271429	5.040439
0.275000	5.004479
0.271429	5.040439
0.275000	5.004479
0.271429	5.040439
0.275000	5.004479
0.271429	5.040439
0.275000	5.004479
0.271429	5.040439
0.275000	5.004479
0.271429	5.040439
0.275000	5.004479
0.271429	5.040439
0.275000	5.004479
0.271429	5.040439
0.275000	5.004479
0.271429	5.040439
0.275000	5.004479
0.271429	5.040439
0.275000	5.004479
0.271429	5.040439
0.275000	5.004479
0.271429	5.040439
0.275000	5.004479
0.271429	5.040439
0.275000	5.004479
0.271429	5.040439
0.275000	5.004479
0.271429	5.040439
0.275000	5.004479
0.271429	5.040439
0.275000	5.004479


TEvsOR clear    ²©ÞÄ:
0.233333	3.301322
0.322222	4.476900
0.266667	3.213003
0.262500	3.853359
0.412500	2.975126
0.257143	3.513531
0.425000	4.986833
0.337500	3.314188
0.262500	3.588807
0.257143	3.513531
0.425000	4.986833
0.337500	3.314188
0.262500	3.588807
0.257143	3.513531
0.425000	4.986833
0.337500	3.314188
0.262500	3.588807
0.257143	3.513531
0.425000	4.986833
0.337500	3.314188
0.262500	3.588807
0.257143	3.513531
0.425000	4.986833
0.337500	3.314188
0.262500	3.588807
0.257143	3.513531
0.425000	4.986833
0.337500	3.314188
0.262500	3.588807
0.257143	3.513531
0.425000	4.986833
0.337500	3.314188
0.262500	3.588807
0.257143	3.513531
0.425000	4.986833
0.337500	3.314188
0.262500	3.588807
0.257143	3.513531
0.425000	4.986833
0.337500	3.314188
0.262500	3.588807
0.257143	3.513531
0.425000	4.986833
0.337500	3.314188
0.262500	3.588807
0.257143	3.513531
0.425000	4.986833
0.337500	3.314188
0.262500	3.588807
0.257143	3.513531
0.425000	4.986833
0.337500	3.314188
0.262500	3.588807
0.257143	3.513531
0.425000	4.986833
0.337500	3.314188
0.262500	3.588807
0.257143	3.513531
0.425000	4.986833
0.337500	3.314188
0.262500	3.588807
0.257143	3.513531
0.425000	4.986833
0.337500	3.314188
0.262500	3.588807
0.257143	3.513531
0.425000	4.986833
0.337500	3.314188
0.262500	3.588807
0.257143	3.513531
0.425000	4.986833
0.337500	3.314188
0.262500	3.588807
0.257143	3.513531
0.425000	4.986833
0.337500	3.314188
0.262500	3.588807
0.257143	3.513531
0.425000	4.986833
0.337500	3.314188
0.262500	3.588807
0.257143	3.513531
0.425000	4.986833
0.337500	3.314188
0.262500	3.588807
0.257143	3.513531
0.425000	4.986833
0.337500	3.314188
0.262500	3.588807
0.257143	3.513531
0.425000	4.986833
0.337500	3.314188
0.262500	3.588807
0.257143	3.513531
0.425000	4.986833
0.337500	3.314188
0.262500	3.588807
0.257143	3.513531
0.425000	4.986833
0.337500	3.314188


TEvsOR    ²©ÞÄ:
0.300000	4.858241
0.301075	5.000294
0.301075	4.451301
0.412500	6.938588
0.450000	8.372564
0.301075	5.359432
0.301075	5.000294
0.301075	4.451301
0.412500	6.938588
0.450000	8.372564
0.301075	5.359432
0.301075	5.000294
0.301075	4.451301
0.412500	6.938588
0.450000	8.372564
0.301075	5.359432
0.301075	5.000294
0.301075	4.451301
0.412500	6.938588
0.450000	8.372564
0.301075	5.359432
0.301075	5.000294
0.301075	4.451301
0.412500	6.938588
0.450000	8.372564
0.301075	5.359432
0.301075	5.000294
0.301075	4.451301
0.412500	6.938588
0.450000	8.372564
0.301075	5.359432
0.301075	5.000294
0.301075	4.451301
0.412500	6.938588
0.450000	8.372564
0.301075	5.359432
0.301075	5.000294
0.301075	4.451301
0.412500	6.938588
0.450000	8.372564
0.301075	5.359432
0.301075	5.000294
0.301075	4.451301
0.412500	6.938588
0.450000	8.372564
0.301075	5.359432
0.301075	5.000294
0.301075	4.451301
0.412500	6.938588
0.450000	8.372564
0.301075	5.359432
0.301075	5.000294
0.301075	4.451301
0.412500	6.938588
0.450000	8.372564
0.301075	5.359432
0.301075	5.000294
0.301075	4.451301
0.412500	6.938588
0.450000	8.372564
0.301075	5.359432
0.301075	5.000294
0.301075	4.451301
0.412500	6.938588
0.450000	8.372564
0.301075	5.359432
0.301075	5.000294
0.301075	4.451301
0.412500	6.938588
0.450000	8.372564
0.301075	5.359432
0.301075	5.000294
0.301075	4.451301
0.412500	6.938588
0.450000	8.372564
0.301075	5.359432
0.301075	5.000294
0.301075	4.451301
0.412500	6.938588
0.450000	8.372564
0.301075	5.359432
0.301075	5.000294
0.301075	4.451301
0.412500	6.938588
0.450000	8.372564
0.301075	5.359432
0.301075	5.000294
0.301075	4.451301
0.412500	6.938588
0.450000	8.372564
0.301075	5.359432
0.301075	5.000294
0.301075	4.451301
0.412500	6.938588
0.450000	8.372564
0.301075	5.359432
0.301075	5.000294
0.301075	4.451301
0.412500	6.938588
0.450000	8.372564


TEvsOR clear    ²©ÞÄ:
0.300000	4.858241
0.301075	4.625006
0.301075	3.818400
0.301075	4.256877
0.300000	4.063068
0.385714	3.298724
0.385714	3.626283
0.312500	3.190325
0.301075	4.256877
0.300000	4.063068
0.385714	3.298724
0.385714	3.626283
0.312500	3.190325
0.301075	4.256877
0.300000	4.063068
0.385714	3.298724
0.385714	3.626283
0.312500	3.190325
0.301075	4.256877
0.300000	4.063068
0.385714	3.298724
0.385714	3.626283
0.312500	3.190325
0.301075	4.256877
0.300000	4.063068
0.385714	3.298724
0.385714	3.626283
0.312500	3.190325
0.301075	4.256877
0.300000	4.063068
0.385714	3.298724
0.385714	3.626283
0.312500	3.190325
0.301075	4.256877
0.300000	4.063068
0.385714	3.298724
0.385714	3.626283
0.312500	3.190325
0.301075	4.256877
0.300000	4.063068
0.385714	3.298724
0.385714	3.626283
0.312500	3.190325
0.301075	4.256877
0.300000	4.063068
0.385714	3.298724
0.385714	3.626283
0.312500	3.190325
0.301075	4.256877
0.300000	4.063068
0.385714	3.298724
0.385714	3.626283
0.312500	3.190325
0.301075	4.256877
0.300000	4.063068
0.385714	3.298724
0.385714	3.626283
0.312500	3.190325
0.301075	4.256877
0.300000	4.063068
0.385714	3.298724
0.385714	3.626283
0.312500	3.190325
0.301075	4.256877
0.300000	4.063068
0.385714	3.298724
0.385714	3.626283
0.312500	3.190325
0.301075	4.256877
0.300000	4.063068
0.385714	3.298724
0.385714	3.626283
0.312500	3.190325
0.301075	4.256877
0.300000	4.063068
0.385714	3.298724
0.385714	3.626283
0.312500	3.190325
0.301075	4.256877
0.300000	4.063068
0.385714	3.298724
0.385714	3.626283
0.312500	3.190325
0.301075	4.256877
0.300000	4.063068
0.385714	3.298724
0.385714	3.626283
0.312500	3.190325
0.301075	4.256877
0.300000	4.063068
0.385714	3.298724
0.385714	3.626283
0.312500	3.190325
0.301075	4.256877
0.300000	4.063068
0.385714	3.298724
0.385714	3.626283
0.312500	3.190325
0.301075	4.256877
0.300000	4.063068


TEvsOR    ²©ÞÄ:
0.250000	5.200587
0.300000	6.782951
0.300000	7.132748
0.266667	6.406709
0.312500	6.651657
0.300000	7.166935
0.266667	6.406709
0.312500	6.651657
0.300000	7.166935
0.266667	6.406709
0.312500	6.651657
0.300000	7.166935
0.266667	6.406709
0.312500	6.651657
0.300000	7.166935
0.266667	6.406709
0.312500	6.651657
0.300000	7.166935
0.266667	6.406709
0.312500	6.651657
0.300000	7.166935
0.266667	6.406709
0.312500	6.651657
0.300000	7.166935
0.266667	6.406709
0.312500	6.651657
0.300000	7.166935
0.266667	6.406709
0.312500	6.651657
0.300000	7.166935
0.266667	6.406709
0.312500	6.651657
0.300000	7.166935
0.266667	6.406709
0.312500	6.651657
0.300000	7.166935
0.266667	6.406709
0.312500	6.651657
0.300000	7.166935
0.266667	6.406709
0.312500	6.651657
0.300000	7.166935
0.266667	6.406709
0.312500	6.651657
0.300000	7.166935
0.266667	6.406709
0.312500	6.651657
0.300000	7.166935
0.266667	6.406709
0.312500	6.651657
0.300000	7.166935
0.266667	6.406709
0.312500	6.651657
0.300000	7.166935
0.266667	6.406709
0.312500	6.651657
0.300000	7.166935
0.266667	6.406709
0.312500	6.651657
0.300000	7.166935
0.266667	6.406709
0.312500	6.651657
0.300000	7.166935
0.266667	6.406709
0.312500	6.651657
0.300000	7.166935
0.266667	6.406709
0.312500	6.651657
0.300000	7.166935
0.266667	6.406709
0.312500	6.651657
0.300000	7.166935
0.266667	6.406709
0.312500	6.651657
0.300000	7.166935
0.266667	6.406709
0.312500	6.651657
0.300000	7.166935
0.266667	6.406709
0.312500	6.651657
0.300000	7.166935
0.266667	6.406709
0.312500	6.651657
0.300000	7.166935
0.266667	6.406709
0.312500	6.651657
0.300000	7.166935
0.266667	6.406709
0.312500	6.651657
0.300000	7.166935
0.266667	6.406709
0.312500	6.651657
0.300000	7.166935
0.266667	6.406709
0.312500	6.651657
0.300000	7.166935
0.266667	6.406709
0.312500	6.651657
0.300000	7.166935
0.266667	6.406709


TEvsOR clear    ²©ÞÄ:
0.250000	5.200587
0.300000	5.873000
0.377778	5.906227
0.485714	9.211991
0.900000	8.954669
0.575000	4.896004
0.485714	6.660659
0.300000	5.771249
0.300000	5.364332
0.337500	6.271593
0.425000	7.739038
0.814286	14.621387
0.387500	6.179577
0.462500	6.854355
0.485714	6.353988
0.425000	7.418459
0.312500	6.738487
0.437500	5.630491
0.500000	6.861751
0.485714	7.973681
0.342857	5.703386
0.385714	5.722395
0.500000	4.693209
0.485714	4.916669
0.500000	5.063503
0.485714	4.916669
0.500000	5.063503
0.485714	4.916669
0.500000	5.063503
0.485714	4.916669
0.500000	5.063503
0.485714	4.916669
0.500000	5.063503
0.485714	4.916669
0.500000	5.063503
0.485714	4.916669
0.500000	5.063503
0.485714	4.916669
0.500000	5.063503
0.485714	4.916669
0.500000	5.063503
0.485714	4.916669
0.500000	5.063503
0.485714	4.916669
0.500000	5.063503
0.485714	4.916669
0.500000	5.063503
0.485714	4.916669
0.500000	5.063503
0.485714	4.916669
0.500000	5.063503
0.485714	4.916669
0.500000	5.063503
0.485714	4.916669
0.500000	5.063503
0.485714	4.916669
0.500000	5.063503
0.485714	4.916669
0.500000	5.063503
0.485714	4.916669
0.500000	5.063503
0.485714	4.916669
0.500000	5.063503
0.485714	4.916669
0.500000	5.063503
0.485714	4.916669
0.500000	5.063503
0.485714	4.916669
0.500000	5.063503
0.485714	4.916669
0.500000	5.063503
0.485714	4.916669
0.500000	5.063503
0.485714	4.916669
0.500000	5.063503
0.485714	4.916669
0.500000	5.063503
0.485714	4.916669
0.500000	5.063503
0.485714	4.916669
0.500000	5.063503
0.485714	4.916669
0.500000	5.063503
0.485714	4.916669
0.500000	5.063503
0.485714	4.916669
0.500000	5.063503
0.485714	4.916669
0.500000	5.063503
0.485714	4.916669
0.500000	5.063503
0.485714	4.916669
0.500000	5.063503
0.485714	4.916669
0.500000	5.063503
0.485714	4.916669
0.500000	5.063503
0.485714	4.916669
0.500000	5.063503
0.485714	4.916669


TEvsOR    ²©ÞÄ:
0.250000	3.359914
0.287500	4.686418
0.287500	3.845733
0.287500	4.757692
0.400000	6.031176
0.487500	6.278423
0.328571	5.594526
0.300000	4.503275
0.300000	4.190665
0.300000	5.230892
0.314286	5.144081
0.300000	4.268221
0.300000	4.185272
0.300000	4.732407
0.311111	4.730722
0.333333	5.583884
0.300000	5.230892
0.314286	5.144081
0.300000	4.268221
0.300000	4.185272
0.300000	4.732407
0.311111	4.730722
0.333333	5.583884
0.300000	5.230892
0.314286	5.144081
0.300000	4.268221
0.300000	4.185272
0.300000	4.732407
0.311111	4.730722
0.333333	5.583884
0.300000	5.230892
0.314286	5.144081
0.300000	4.268221
0.300000	4.185272
0.300000	4.732407
0.311111	4.730722
0.333333	5.583884
0.300000	5.230892
0.314286	5.144081
0.300000	4.268221
0.300000	4.185272
0.300000	4.732407
0.311111	4.730722
0.333333	5.583884
0.300000	5.230892
0.314286	5.144081
0.300000	4.268221
0.300000	4.185272
0.300000	4.732407
0.311111	4.730722
0.333333	5.583884
0.300000	5.230892
0.314286	5.144081
0.300000	4.268221
0.300000	4.185272
0.300000	4.732407
0.311111	4.730722
0.333333	5.583884
0.300000	5.230892
0.314286	5.144081
0.300000	4.268221
0.300000	4.185272
0.300000	4.732407
0.311111	4.730722
0.333333	5.583884
0.300000	5.230892
0.314286	5.144081
0.300000	4.268221
0.300000	4.185272
0.300000	4.732407
0.311111	4.730722
0.333333	5.583884
0.300000	5.230892
0.314286	5.144081
0.300000	4.268221
0.300000	4.185272
0.300000	4.732407
0.311111	4.730722
0.333333	5.583884
0.300000	5.230892
0.314286	5.144081
0.300000	4.268221
0.300000	4.185272
0.300000	4.732407
0.311111	4.730722
0.333333	5.583884
0.300000	5.230892
0.314286	5.144081
0.300000	4.268221
0.300000	4.185272
0.300000	4.732407
0.311111	4.730722
0.333333	5.583884
0.300000	5.230892
0.314286	5.144081
0.300000	4.268221
0.300000	4.185272
0.300000	4.732407
0.311111	4.730722
0.333333	5.583884


TEvsOR clear    ²©ÞÄ:
0.250000	3.359914
0.287500	3.677583
0.250000	3.487213
0.312500	3.238363
0.355556	2.970718
0.400000	3.606758
0.388889	3.148705
0.250000	3.441991
0.250000	3.357572
0.250000	2.743209
0.250000	3.507569
0.250000	3.251751
0.250000	3.833419
0.250000	3.359914
0.287500	3.677583
0.250000	3.487213
0.312500	3.238363
0.355556	2.970718
0.400000	3.606758
0.388889	3.148705
0.250000	3.441991
0.250000	3.357572
0.250000	2.743209
0.250000	3.507569
0.250000	3.251751
0.250000	3.833419
0.250000	3.359914
0.287500	3.677583
0.250000	3.487213
0.312500	3.238363
0.355556	2.970718
0.400000	3.606758
0.388889	3.148705
0.250000	3.441991
0.250000	3.357572
0.250000	2.743209
0.250000	3.507569
0.250000	3.251751
0.250000	3.833419
0.250000	3.359914
0.287500	3.677583
0.250000	3.487213
0.312500	3.238363
0.355556	2.970718
0.400000	3.606758
0.388889	3.148705
0.250000	3.441991
0.250000	3.357572
0.250000	2.743209
0.250000	3.507569
0.250000	3.251751
0.250000	3.833419
0.250000	3.359914
0.287500	3.677583
0.250000	3.487213
0.312500	3.238363
0.355556	2.970718
0.400000	3.606758
0.388889	3.148705
0.250000	3.441991
0.250000	3.357572
0.250000	2.743209
0.250000	3.507569
0.250000	3.251751
0.250000	3.833419
0.250000	3.359914
0.287500	3.677583
0.250000	3.487213
0.312500	3.238363
0.355556	2.970718
0.400000	3.606758
0.388889	3.148705
0.250000	3.441991
0.250000	3.357572
0.250000	2.743209
0.250000	3.507569
0.250000	3.251751
0.250000	3.833419
0.250000	3.359914
0.287500	3.677583
0.250000	3.487213
0.312500	3.238363
0.355556	2.970718
0.400000	3.606758
0.388889	3.148705
0.250000	3.441991
0.250000	3.357572
0.250000	2.743209
0.250000	3.507569
0.250000	3.251751
0.250000	3.833419
0.250000	3.359914
0.287500	3.677583
0.250000	3.487213
0.312500	3.238363
0.355556	2.970718
0.400000	3.606758
0.388889	3.148705
0.250000	3.441991
0.250000	3.357572


TEvsOR    ²©ÞÄ:
0.250000	5.448802
0.250000	4.894766
0.250000	5.448802
0.250000	4.894766
0.250000	5.448802
0.250000	4.894766
0.250000	5.448802
0.250000	4.894766
0.250000	5.448802
0.250000	4.894766
0.250000	5.448802
0.250000	4.894766
0.250000	5.448802
0.250000	4.894766
0.250000	5.448802
0.250000	4.894766
0.250000	5.448802
0.250000	4.894766
0.250000	5.448802
0.250000	4.894766
0.250000	5.448802
0.250000	4.894766
0.250000	5.448802
0.250000	4.894766
0.250000	5.448802
0.250000	4.894766
0.250000	5.448802
0.250000	4.894766
0.250000	5.448802
0.250000	4.894766
0.250000	5.448802
0.250000	4.894766
0.250000	5.448802
0.250000	4.894766
0.250000	5.448802
0.250000	4.894766
0.250000	5.448802
0.250000	4.894766
0.250000	5.448802
0.250000	4.894766
0.250000	5.448802
0.250000	4.894766
0.250000	5.448802
0.250000	4.894766
0.250000	5.448802
0.250000	4.894766
0.250000	5.448802
0.250000	4.894766
0.250000	5.448802
0.250000	4.894766
0.250000	5.448802
0.250000	4.894766
0.250000	5.448802
0.250000	4.894766
0.250000	5.448802
0.250000	4.894766
0.250000	5.448802
0.250000	4.894766
0.250000	5.448802
0.250000	4.894766
0.250000	5.448802
0.250000	4.894766
0.250000	5.448802
0.250000	4.894766
0.250000	5.448802
0.250000	4.894766
0.250000	5.448802
0.250000	4.894766
0.250000	5.448802
0.250000	4.894766
0.250000	5.448802
0.250000	4.894766
0.250000	5.448802
0.250000	4.894766
0.250000	5.448802
0.250000	4.894766
0.250000	5.448802
0.250000	4.894766
0.250000	5.448802
0.250000	4.894766
0.250000	5.448802
0.250000	4.894766
0.250000	5.448802
0.250000	4.894766
0.250000	5.448802
0.250000	4.894766
0.250000	5.448802
0.250000	4.894766
0.250000	5.448802
0.250000	4.894766
0.250000	5.448802
0.250000	4.894766
0.250000	5.448802
0.250000	4.894766
0.250000	5.448802
0.250000	4.894766
0.250000	5.448802
0.250000	4.894766
0.250000	5.448802
0.250000	4.894766


TEvsOR clear    ²©ÞÄ:
0.250000	5.448802
0.250000	4.894766
0.250000	5.448802
0.250000	4.894766
0.250000	5.448802
0.250000	4.894766
0.250000	5.448802
0.250000	4.894766
0.250000	5.448802
0.250000	4.894766
0.250000	5.448802
0.250000	4.894766
0.250000	5.448802
0.250000	4.894766
0.250000	5.448802
0.250000	4.894766
0.250000	5.448802
0.250000	4.894766
0.250000	5.448802
0.250000	4.894766
0.250000	5.448802
0.250000	4.894766
0.250000	5.448802
0.250000	4.894766
0.250000	5.448802
0.250000	4.894766
0.250000	5.448802
0.250000	4.894766
0.250000	5.448802
0.250000	4.894766
0.250000	5.448802
0.250000	4.894766
0.250000	5.448802
0.250000	4.894766
0.250000	5.448802
0.250000	4.894766
0.250000	5.448802
0.250000	4.894766
0.250000	5.448802
0.250000	4.894766
0.250000	5.448802
0.250000	4.894766
0.250000	5.448802
0.250000	4.894766
0.250000	5.448802
0.250000	4.894766
0.250000	5.448802
0.250000	4.894766
0.250000	5.448802
0.250000	4.894766
0.250000	5.448802
0.250000	4.894766
0.250000	5.448802
0.250000	4.894766
0.250000	5.448802
0.250000	4.894766
0.250000	5.448802
0.250000	4.894766
0.250000	5.448802
0.250000	4.894766
0.250000	5.448802
0.250000	4.894766
0.250000	5.448802
0.250000	4.894766
0.250000	5.448802
0.250000	4.894766
0.250000	5.448802
0.250000	4.894766
0.250000	5.448802
0.250000	4.894766
0.250000	5.448802
0.250000	4.894766
0.250000	5.448802
0.250000	4.894766
0.250000	5.448802
0.250000	4.894766
0.250000	5.448802
0.250000	4.894766
0.250000	5.448802
0.250000	4.894766
0.250000	5.448802
0.250000	4.894766
0.250000	5.448802
0.250000	4.894766
0.250000	5.448802
0.250000	4.894766
0.250000	5.448802
0.250000	4.894766
0.250000	5.448802
0.250000	4.894766
0.250000	5.448802
0.250000	4.894766
0.250000	5.448802
0.250000	4.894766
0.250000	5.448802
0.250000	4.894766
0.250000	5.448802
0.250000	4.894766
0.250000	5.448802
0.250000	4.894766


TEvsOR    ²©ÞÄ:
0.275000	4.984116
0.375000	6.428991
0.328571	5.910456
0.385714	7.259479
0.412500	11.596066
0.275000	4.984116
0.375000	6.428991
0.328571	5.910456
0.385714	7.259479
0.412500	11.596066
0.275000	4.984116
0.375000	6.428991
0.328571	5.910456
0.385714	7.259479
0.412500	11.596066
0.275000	4.984116
0.375000	6.428991
0.328571	5.910456
0.385714	7.259479
0.412500	11.596066
0.275000	4.984116
0.375000	6.428991
0.328571	5.910456
0.385714	7.259479
0.412500	11.596066
0.275000	4.984116
0.375000	6.428991
0.328571	5.910456
0.385714	7.259479
0.412500	11.596066
0.275000	4.984116
0.375000	6.428991
0.328571	5.910456
0.385714	7.259479
0.412500	11.596066
0.275000	4.984116
0.375000	6.428991
0.328571	5.910456
0.385714	7.259479
0.412500	11.596066
0.275000	4.984116
0.375000	6.428991
0.328571	5.910456
0.385714	7.259479
0.412500	11.596066
0.275000	4.984116
0.375000	6.428991
0.328571	5.910456
0.385714	7.259479
0.412500	11.596066
0.275000	4.984116
0.375000	6.428991
0.328571	5.910456
0.385714	7.259479
0.412500	11.596066
0.275000	4.984116
0.375000	6.428991
0.328571	5.910456
0.385714	7.259479
0.412500	11.596066
0.275000	4.984116
0.375000	6.428991
0.328571	5.910456
0.385714	7.259479
0.412500	11.596066
0.275000	4.984116
0.375000	6.428991
0.328571	5.910456
0.385714	7.259479
0.412500	11.596066
0.275000	4.984116
0.375000	6.428991
0.328571	5.910456
0.385714	7.259479
0.412500	11.596066
0.275000	4.984116
0.375000	6.428991
0.328571	5.910456
0.385714	7.259479
0.412500	11.596066
0.275000	4.984116
0.375000	6.428991
0.328571	5.910456
0.385714	7.259479
0.412500	11.596066
0.275000	4.984116
0.375000	6.428991
0.328571	5.910456
0.385714	7.259479
0.412500	11.596066
0.275000	4.984116
0.375000	6.428991
0.328571	5.910456
0.385714	7.259479
0.412500	11.596066
0.275000	4.984116
0.375000	6.428991
0.328571	5.910456
0.385714	7.259479
0.412500	11.596066


TEvsOR clear    ²©ÞÄ:
0.275000	4.984116
0.375000	5.935877
0.328571	5.888948
0.337500	6.377441
0.385714	5.854723
0.650000	8.182979
0.375000	6.137218
0.612500	7.470403
0.542857	5.777255
0.587500	10.510463
0.428571	4.674306
0.425000	5.007561
0.537500	7.049823
0.487500	7.845880
0.485714	6.489849
0.487500	8.092974
0.637500	11.050080
0.325000	5.829070
0.328571	5.135521
0.300000	4.814958
0.587500	7.547632
0.487500	6.353930
0.637500	6.144948
0.487500	5.972141
0.487500	7.562760
0.512500	6.627544
0.475000	5.529717
0.628571	7.157252
0.637500	9.926735
0.362500	5.480834
0.385714	6.128399
0.775000	9.509466
0.700000	9.636078
0.475000	7.776056
0.557143	7.977755
0.425000	6.794084
0.557143	5.661967
0.750000	11.789381
0.400000	7.315906
0.325000	6.446254
0.287500	4.674197
0.285714	4.711722
0.288889	5.497182
0.500000	5.585382
0.612500	10.959740
0.442857	6.899220
0.475000	5.575076
0.337500	5.293647
0.800000	17.709146
0.437500	7.225930
0.450000	6.101554
0.285714	6.676998
0.288889	6.046741
0.437500	4.488420
0.612500	5.497853
0.700000	7.532062
0.800000	9.355473
0.728571	12.751020
0.485714	6.794270
0.542857	7.500028
0.637500	9.578639
0.625000	8.448064
0.487500	6.111890
0.462500	7.634757
0.487500	7.349519
0.537500	6.757683
0.612500	6.795297
0.285714	5.405361
0.325000	5.270046
0.275000	5.350638
0.300000	5.842002
0.300000	5.503796
0.287500	4.137200
0.275000	5.186342
0.275000	4.984116
0.375000	5.935877
0.328571	5.888948
0.337500	6.377441
0.385714	5.854723
0.650000	8.182979
0.375000	6.137218
0.612500	7.470403
0.542857	5.777255
0.587500	10.510463
0.428571	4.674306
0.425000	5.007561
0.537500	7.049823
0.487500	7.845880
0.485714	6.489849
0.487500	8.092974
0.637500	11.050080
0.325000	5.829070
0.328571	5.135521
0.300000	4.814958
0.587500	7.547632
0.487500	6.353930
0.637500	6.144948
0.487500	5.972141
0.487500	7.562760
0.512500	6.627544


TEvsOR    ²©ÞÄ:
0.214286	4.524994
0.214286	3.919729
0.214286	3.341459
0.257143	4.169207
0.257143	4.133614
0.257143	3.809831
0.257143	4.662622
0.257143	3.812678
0.257143	3.812678
0.257143	3.812678
0.257143	3.812678
0.257143	3.812678
0.257143	3.812678
0.257143	3.812678
0.257143	3.812678
0.257143	3.812678
0.257143	3.812678
0.257143	3.812678
0.257143	3.812678
0.257143	3.812678
0.257143	3.812678
0.257143	3.812678
0.257143	3.812678
0.257143	3.812678
0.257143	3.812678
0.257143	3.812678
0.257143	3.812678
0.257143	3.812678
0.257143	3.812678
0.257143	3.812678
0.257143	3.812678
0.257143	3.812678
0.257143	3.812678
0.257143	3.812678
0.257143	3.812678
0.257143	3.812678
0.257143	3.812678
0.257143	3.812678
0.257143	3.812678
0.257143	3.812678
0.257143	3.812678
0.257143	3.812678
0.257143	3.812678
0.257143	3.812678
0.257143	3.812678
0.257143	3.812678
0.257143	3.812678
0.257143	3.812678
0.257143	3.812678
0.257143	3.812678
0.257143	3.812678
0.257143	3.812678
0.257143	3.812678
0.257143	3.812678
0.257143	3.812678
0.257143	3.812678
0.257143	3.812678
0.257143	3.812678
0.257143	3.812678
0.257143	3.812678
0.257143	3.812678
0.257143	3.812678
0.257143	3.812678
0.257143	3.812678
0.257143	3.812678
0.257143	3.812678
0.257143	3.812678
0.257143	3.812678
0.257143	3.812678
0.257143	3.812678
0.257143	3.812678
0.257143	3.812678
0.257143	3.812678
0.25