0.147500	10.878267
0.453333	54.948828
0.380000	29.426401
0.385000	40.746521
0.480000	67.143195
0.406000	57.267842
0.380000	44.684714
0.422500	45.904728
0.463333	66.243877
0.337500	44.731750
0.460000	68.014623
0.365000	50.105499
0.647500	52.064837
0.572500	37.551962
0.565000	83.573832
0.360000	53.626502
0.453333	67.976115
0.360000	50.631381
0.572500	41.346742
0.583333	91.277923
0.320000	28.566480
0.492500	60.129535
0.480000	26.354354
0.647500	83.658481
0.600000	66.788525
0.863333	200.405292
0.352500	34.829643
0.672500	120.037820
0.487500	107.230222
0.487500	107.230222
0.487500	107.230222
0.487500	107.230222
0.487500	107.230222
0.487500	107.230222
0.487500	107.230222
0.487500	107.230222
0.487500	107.230222
0.487500	107.230222
0.487500	107.230222
0.487500	107.230222
0.487500	107.230222
0.487500	107.230222
0.487500	107.230222
0.487500	107.230222
0.487500	107.230222
0.487500	107.230222
0.487500	107.230222
0.487500	107.230222
0.487500	107.230222
0.487500	107.230222
0.487500	107.230222
0.487500	107.230222
0.487500	107.230222
0.487500	107.230222
0.487500	107.230222
0.487500	107.230222
0.487500	107.230222
0.487500	107.230222
0.487500	107.230222
0.487500	107.230222
0.487500	107.230222
0.487500	107.230222
0.487500	107.230222
0.487500	107.230222
0.487500	107.230222
0.487500	107.230222
0.487500	107.230222
0.487500	107.230222
0.487500	107.230222
0.487500	107.230222
0.487500	107.230222
0.487500	107.230222
0.487500	107.230222
0.487500	107.230222
0.487500	107.230222
0.487500	107.230222
0.487500	107.230222
0.487500	107.230222
0.487500	107.230222
0.487500	107.230222
0.487500	107.230222
0.487500	107.230222
0.487500	107.230222
0.487500	107.230222
0.487500	107.230222
0.487500	107.230222
0.487500	107.230222
0.487500	107.230222
0.487500	107.230222
0.487500	107.230222
0.487500	107.230222
0.487500	107.230222
0.487500	107.230222
0.487500	107.230222
0.487500	107.230222
0.487500	107.230222
0.487500	107.230222
0.487500	107.230222
0.487500	107.230222
0.487500	107.230222

0.3175    48.5745




0.155000	12.924623
0.393333	49.572875
0.360000	31.612531
0.602500	85.381020
0.356667	45.896864
0.270000	27.599369
0.250000	19.690528
0.390000	43.170880
0.496667	69.485241
0.356667	39.327909
0.316667	24.345486
0.282500	30.844790
0.250000	18.066578
0.360000	35.352810
0.450000	51.810923
0.280000	25.653786
0.400000	45.012291
0.325000	25.243651
0.400000	49.704196
0.355000	41.892393
0.333333	34.720729
0.356667	42.331299
0.453333	59.673732
0.410000	53.436844
0.393333	45.491002
0.280000	26.223820
0.450000	61.548986
0.280000	22.959641
0.400000	46.731493
0.250000	22.480297
0.280000	25.658325
0.515000	61.134767
0.400000	55.147636
0.510000	87.318140
0.250000	22.398125
0.450000	49.055899
0.250000	18.945524
0.525000	62.653566
0.513333	74.596325
0.280000	25.828889
0.410000	40.381701
0.280000	25.642025
0.532500	70.426245
0.525000	75.517602
0.250000	23.840974
0.356667	40.835138
0.356667	38.524656
0.420000	56.312044
0.513333	70.733051
0.350000	38.657180
0.280000	19.624413
0.280000	24.723834
0.532500	56.912777
0.513333	81.169007
0.380000	57.355255
0.250000	26.955223
0.517500	57.997428
0.450000	78.776692
0.250000	19.726153
0.450000	46.418870
0.316667	30.983362
0.355000	34.158855
0.250000	22.398125
0.450000	49.055899
0.250000	18.945524
0.525000	62.653566
0.513333	74.596325
0.280000	25.828889
0.410000	40.381701
0.280000	25.642025
0.532500	70.426245
0.525000	75.517602
0.250000	23.840974
0.356667	40.835138
0.356667	38.524656
0.420000	56.312044
0.513333	70.733051
0.350000	38.657180
0.280000	19.624413
0.280000	24.723834
0.532500	56.912777
0.513333	81.169007
0.380000	57.355255
0.250000	26.955223
0.517500	57.997428
0.450000	78.776692
0.250000	19.726153
0.450000	46.418870
0.316667	30.983362
0.355000	34.158855
0.250000	22.398125
0.450000	49.055899
0.250000	18.945524
0.525000	62.653566
0.513333	74.596325
0.280000	25.828889
0.410000	40.381701
0.280000	25.642025
0.532500	70.426245
0.525000	75.517602

0.27 26.9013  ¾ùºâÁË





0.183333	13.921675
0.480000	52.747240
0.407500	44.943587
0.413333	56.961762
0.407500	52.075463
0.576667	81.089973
0.277500	21.751006
0.456667	59.540164
0.420000	54.652756
0.346667	33.845157
0.466667	27.463165
0.363333	46.879740
0.277500	27.969561
0.467500	55.181688
0.536667	86.042845
0.456667	23.350919
0.580000	74.150170
0.483333	84.548327
0.456667	78.232252
0.262500	18.333056
0.445000	72.144410
0.233333	24.072094
0.576667	100.579281
0.520000	101.470346
0.573333	105.446635
0.445000	65.337405
0.563333	93.914978
0.582500	138.928078
0.346667	24.559468
0.357500	41.062605
0.413333	31.169263
0.545000	45.537828
0.413333	53.221260
0.582500	85.815395
0.346667	44.037132
0.460000	77.021005
0.346667	41.633609
0.683333	108.233149
0.346667	33.305492
0.237500	21.985332
0.347500	31.243665
0.295000	33.253290
0.273333	24.154755
0.295000	30.660546
0.273333	17.520467
0.520000	62.047980
0.456667	73.339801
0.346667	36.384977
0.347500	34.127638
0.530000	81.251385
0.347500	59.055201
0.346667	61.156575
0.347500	48.798412
0.563333	73.780122
0.445000	56.908283
0.456667	45.830365
0.750000	100.238736
0.347500	33.159501
0.570000	84.399550
0.446667	76.069033
0.346667	50.085103
0.347500	50.673657
0.346667	46.902055
0.456667	41.587869
0.417500	61.348133
0.347500	44.841426
0.510000	80.694341
0.393333	68.026116
0.346667	52.715649
0.360000	45.108782
0.407500	61.139761
0.460000	68.732860
0.360000	49.095164
0.347500	49.573533
0.460000	122.035877
0.347500	42.277905
0.460000	76.623824
0.346667	40.275773
0.460000	54.237407
0.347500	41.486527
0.460000	58.650731
0.520000	106.813789
0.347500	33.159501
0.570000	84.399550
0.446667	76.069033
0.346667	50.085103
0.347500	50.673657
0.346667	46.902055
0.456667	41.587869
0.417500	61.348133
0.347500	44.841426
0.510000	80.694341
0.393333	68.026116
0.346667	52.715649
0.360000	45.108782
0.407500	61.139761
0.460000	68.732860
0.360000	49.095164
0.347500	49.573533
0.460000	122.035877

0.3233333    27.7372





0.173333	10.615406
0.390000	22.738467
0.390000	40.158913
0.266667	22.717324
0.605000	82.404614
0.396667	52.127901
0.446667	56.438564
0.323333	42.494872
0.446667	64.082678
0.362500	28.499875
0.446667	57.025015
0.272500	21.756424
0.710000	69.008045
0.522500	90.550769
0.405000	42.844789
0.597500	109.942060
0.405000	30.589649
0.582000	88.644110
0.507500	66.127771
0.388000	44.728612
0.312500	40.538754
0.522000	81.730313
0.312500	31.011293
0.513333	56.173996
0.507500	62.650331
0.390000	58.330736
0.312500	40.538754
0.522000	79.897101
0.312500	31.011293
0.513333	56.173996
0.507500	62.650331
0.390000	58.330736
0.312500	40.538754
0.522000	79.897101
0.312500	31.011293
0.513333	56.173996
0.507500	62.650331
0.390000	58.330736
0.312500	40.538754
0.522000	79.897101
0.312500	31.011293
0.513333	56.173996
0.507500	62.650331
0.390000	58.330736
0.312500	40.538754
0.522000	79.897101
0.312500	31.011293
0.513333	56.173996
0.507500	62.650331
0.390000	58.330736
0.312500	40.538754
0.522000	79.897101
0.312500	31.011293
0.513333	56.173996
0.507500	62.650331
0.390000	58.330736
0.312500	40.538754
0.522000	79.897101
0.312500	31.011293
0.513333	56.173996
0.507500	62.650331
0.390000	58.330736
0.312500	40.538754
0.522000	79.897101
0.312500	31.011293
0.513333	56.173996
0.507500	62.650331
0.390000	58.330736
0.312500	40.538754
0.522000	79.897101
0.312500	31.011293
0.513333	56.173996
0.507500	62.650331
0.390000	58.330736
0.312500	40.538754
0.522000	79.897101
0.312500	31.011293
0.513333	56.173996
0.507500	62.650331
0.390000	58.330736
0.312500	40.538754
0.522000	79.897101
0.312500	31.011293
0.513333	56.173996
0.507500	62.650331
0.390000	58.330736
0.312500	40.538754
0.522000	79.897101
0.312500	31.011293
0.513333	56.173996
0.507500	62.650331
0.390000	58.330736
0.312500	40.538754
0.522000	79.897101
0.312500	31.011293
0.513333	56.173996
0.507500	62.650331
0.390000	58.330736
0.312500	40.538754
0.522000	79.897101

0.31    38.9427






0.172500	10.531157
0.417500	56.208345
0.366667	30.022498
0.420000	43.513678
0.292500	33.234113
0.473333	70.739266
0.440000	43.509822
0.813333	126.044683
0.367500	52.835704
0.535000	100.355108
0.490000	132.111920
0.420000	53.497818
0.653333	136.585439
0.367500	23.795151
0.377500	47.568932
0.440000	65.924136
0.570000	97.741753
0.403333	39.813178
0.570000	110.258054
0.570000	105.102084
0.440000	61.092015
0.876667	220.394866
0.292500	19.971539
0.652500	99.670221
0.592500	103.118318
0.402500	66.417284
0.326667	37.412218
0.487500	90.122896
0.490000	99.429870
0.485000	67.141223
0.675000	142.817075
0.292500	22.298404
0.685000	93.259236
0.535000	75.017134
0.732500	127.303183
0.490000	77.240659
0.557500	120.851918
0.367500	42.841623
0.510000	105.707381
0.557500	93.337500
0.557500	106.157448
0.557500	163.772261
0.675000	122.376409
0.427500	66.153165
0.643333	132.158653
0.490000	107.376368
0.510000	125.211861
0.326667	38.352047
0.427500	49.908872
0.757500	151.699454
0.490000	101.385494
0.610000	130.506331
0.292500	20.702094
0.596667	118.039376
0.343333	40.078305
0.777500	136.805279
0.490000	83.636888
0.546667	116.783958
0.490000	106.863699
0.596667	144.990282
0.490000	106.863699
0.596667	144.990282
0.490000	106.863699
0.596667	144.990282
0.490000	106.863699
0.596667	144.990282
0.490000	106.863699
0.596667	144.990282
0.490000	106.863699
0.596667	144.990282
0.490000	106.863699
0.596667	144.990282
0.490000	106.863699
0.596667	144.990282
0.490000	106.863699
0.596667	144.990282
0.490000	106.863699
0.596667	144.990282
0.490000	106.863699
0.596667	144.990282
0.490000	106.863699
0.596667	144.990282
0.490000	106.863699
0.596667	144.990282
0.490000	106.863699
0.596667	144.990282
0.490000	106.863699
0.596667	144.990282
0.490000	106.863699
0.596667	144.990282
0.490000	106.863699
0.596667	144.990282
0.490000	106.863699
0.596667	144.990282
0.490000	106.863699
0.596667	144.990282
0.490000	106.863699
0.596667	144.990282
0.490000	106.863699
0.596667	144.990282

0.285    41.6352


0.130000	7.419158
0.167500	14.066393
0.310000	39.056300
0.240000	32.577936
0.270000	16.333875
0.453333	46.644521
0.242500	19.115598
0.226667	22.612501
0.187500	12.639130
0.310000	37.286416
0.202500	16.196001
0.310000	30.965766
0.330000	38.604880
0.212500	18.189245
0.326667	18.909990
0.352500	39.236807
0.205000	14.789494
0.310000	32.754209
0.270000	27.343346
0.206667	20.166422
0.310000	24.395069
0.326000	33.949127
0.206667	22.583109
0.326000	32.807370
0.190000	18.931668
0.360000	33.959497
0.223333	18.628496
0.290000	37.190940
0.193333	21.852105
0.312500	41.487914
0.316667	40.768593
0.270000	26.571114
0.298000	36.385782
0.193333	23.386685
0.220000	16.506855
0.310000	43.481854
0.270000	26.571114
0.298000	36.385782
0.193333	23.386685
0.220000	16.506855
0.310000	43.481854
0.270000	26.571114
0.298000	36.385782
0.193333	23.386685
0.220000	16.506855
0.310000	43.481854
0.270000	26.571114
0.298000	36.385782
0.193333	23.386685
0.220000	16.506855
0.310000	43.481854
0.270000	26.571114
0.298000	36.385782
0.193333	23.386685
0.220000	16.506855
0.310000	43.481854
0.270000	26.571114
0.298000	36.385782
0.193333	23.386685
0.220000	16.506855
0.310000	43.481854
0.270000	26.571114
0.298000	36.385782
0.193333	23.386685
0.220000	16.506855
0.310000	43.481854
0.270000	26.571114
0.298000	36.385782
0.193333	23.386685
0.220000	16.506855
0.310000	43.481854
0.270000	26.571114
0.298000	36.385782
0.193333	23.386685
0.220000	16.506855
0.310000	43.481854
0.270000	26.571114
0.298000	36.385782
0.193333	23.386685
0.220000	16.506855
0.310000	43.481854
0.270000	26.571114
0.298000	36.385782
0.193333	23.386685
0.220000	16.506855
0.310000	43.481854
0.270000	26.571114
0.298000	36.385782
0.193333	23.386685
0.220000	16.506855
0.310000	43.481854
0.270000	26.571114
0.298000	36.385782
0.193333	23.386685
0.220000	16.506855
0.310000	43.481854
0.270000	26.571114
0.298000	36.385782
0.193333	23.386685
0.220000	16.506855


0.176667   18.7375