////²âÊÔTE ¶À²Ã
TEvsOR    ²©ÞÄ:
0.255000	18.266305
0.420000	32.610265
0.376667	40.177583
0.350000	27.776520
0.635000	78.852174
0.220000	18.054519
0.393333	25.090121
0.290000	25.064621
0.393333	37.198054
0.376667	25.942133
0.290000	20.143982
0.462500	21.068678
0.725000	79.055595
0.320000	32.349053
0.320000	27.509585
0.350000	29.471582
0.350000	30.791589
0.582500	60.104295
0.380000	50.901988
0.447500	55.914200
0.280000	24.395960
0.447500	56.161611
0.390000	37.823549
0.645000	88.642170
0.420000	48.126994
0.420000	44.212970
0.420000	63.439285
0.420000	49.117352
0.506667	76.472173
0.350000	30.526000
0.306667	36.280438
0.350000	26.075546
0.596667	41.744428
0.350000	27.048293
0.596667	75.164359
0.350000	29.119729
0.306667	24.630644
0.506667	69.548023
0.350000	29.119729
0.306667	24.630644
0.506667	69.548023
0.350000	29.119729
0.306667	24.630644
0.506667	69.548023
0.350000	29.119729
0.306667	24.630644
0.506667	69.548023
0.350000	29.119729
0.306667	24.630644


TE dictator
0.220000	18.473612	16.182334

Overlay dictator
9.111396	0.610000



TEvsOR    ²©ÞÄ:
0.196667	13.283547
0.185000	11.892121
0.185000	11.135393
0.193333	10.880149
0.185000	8.741956
0.215000	16.555437
0.185000	11.097028
0.185000	11.451323
0.185000	13.990165
0.185000	10.923986
0.185000	10.966613
0.185000	11.118102
0.185000	13.319288
0.157500	9.492814
0.160000	8.045291
0.160000	7.148621
0.185000	10.224580
0.215000	13.218053
0.185000	12.488318
0.215000	13.388745
0.196667	15.814017
0.160000	11.376225
0.173333	12.665860
0.160000	8.150144
0.160000	8.839574
0.160000	8.305011
0.196667	14.500897
0.160000	10.675018
0.165000	9.064300
0.165000	9.591706
0.215000	11.765080
0.196667	11.391091
0.163333	12.857098
0.155000	11.232940
0.193333	12.553962
0.160000	12.098120
0.193333	15.695504
0.185000	15.255604
0.183333	10.180311
0.185000	11.746006
0.160000	12.032033
0.160000	8.716704
0.160000	9.150153
0.287500	20.563185
0.173333	8.040405
0.185000	12.705710
0.177500	9.852823
0.270000	19.190322
0.190000	11.131907


TE dictator
0.133333	7.060283	6.669439

Overlay dictator
3.885264	0.490000



TEvsOR    ²©ÞÄ:
0.326667	18.137040
0.390000	34.280124
0.370000	36.393966
0.278000	26.504974
0.352000	37.624915
0.332500	29.721310
0.460000	48.473264
0.206667	13.818237
0.326000	26.741495
0.320000	13.535875
0.485000	50.399122
0.416667	34.737053
0.705000	53.853793
0.466667	52.187033
0.402000	43.380382
0.346667	37.314879
0.402000	40.064570
0.346667	37.314879
0.402000	40.064570
0.346667	37.314879
0.402000	40.064570
0.346667	37.314879
0.402000	40.064570
0.346667	37.314879
0.402000	40.064570
0.346667	37.314879
0.402000	40.064570
0.346667	37.314879
0.402000	40.064570
0.346667	37.314879
0.402000	40.064570
0.346667	37.314879
0.402000	40.064570
0.346667	37.314879
0.402000	40.064570
0.346667	37.314879
0.402000	40.064570
0.346667	37.314879
0.402000	40.064570
0.346667	37.314879
0.402000	40.064570
0.346667	37.314879
0.402000	40.064570
0.346667	37.314879
0.402000	40.064570
0.346667	37.314879
0.402000	40.064570
0.346667	37.314879
0.402000	40.064570


TE dictator
0.186667	11.837007	10.967601

Overlay dictator
8.695443	0.376667



TEvsOR    ²©ÞÄ:
0.290000	24.097081
0.190000	14.364555
0.330000	19.622950
0.342500	26.448784
0.380000	31.752504
0.385000	44.807865
0.210000	12.949723
0.162500	10.429480
0.315000	18.994370
0.256667	19.420331
0.215000	16.918494
0.513333	39.580327
0.293333	22.414578
0.325000	25.022893
0.443333	57.078728
0.150000	8.040329
0.175000	8.028618
0.190000	13.265614
0.293333	13.492316
0.250000	17.110694
0.157500	9.524434
0.216667	15.566158
0.293333	11.865444
0.252500	14.918294
0.262500	23.055421
0.266667	27.612129
0.155000	10.248936
0.230000	20.137987
0.210000	16.683261
0.280000	28.437288
0.210000	17.340768
0.390000	14.298069
0.470000	41.701446
0.210000	11.592145
0.232500	15.793616
0.443333	35.453608
0.240000	26.995769
0.240000	35.025803
0.240000	29.277599
0.240000	31.125830
0.240000	26.364128
0.240000	29.500425
0.240000	24.813106
0.240000	28.101176
0.240000	28.862839
0.240000	25.801576
0.240000	29.277599
0.240000	31.125830
0.240000	26.364128


TE dictator
0.140000	8.562325	8.245556

Overlay dictator
5.711009	0.585000



TEvsOR    ²©ÞÄ:
0.330000	23.272188
0.240000	14.765732
0.330000	20.521869
0.330000	21.630933
0.315000	26.932016
0.330000	22.000139
0.240000	15.811991
0.240000	12.884751
0.330000	27.700183
0.410000	40.013468
0.417500	46.530221
0.240000	19.697842
0.560000	64.744802
0.240000	11.444556
0.245000	14.359345
0.320000	19.609593
0.297500	22.711714
0.442500	27.445467
0.240000	12.957662
0.273333	21.402183
0.245000	14.772153
0.365000	33.780531
0.330000	17.656782
0.427500	32.225304
0.406667	35.050922
0.253333	17.588410
0.330000	27.466374
0.330000	28.075027
0.297500	29.814218
0.330000	29.798814
0.253333	17.960841
0.413333	46.293647
0.330000	25.467290
0.325000	26.418334
0.406667	41.809342
0.267500	23.546923
0.406667	40.730125
0.325000	28.967052
0.406667	39.637304
0.337500	27.932574
0.330000	27.905061
0.413333	44.618329
0.297500	22.525617
0.427500	35.914334
0.253333	15.023118
0.406667	44.328628
0.297500	22.711714
0.442500	28.431209
0.325000	31.821913


TE dictator
0.190000	13.212690	11.993203

Overlay dictator
7.567208	0.590000


TEvsOR    ²©ÞÄ:
0.175258	11.425921
0.233333	12.949079
0.195402	20.445376
0.298851	9.906780
0.329897	27.519328
0.206186	27.122235
0.164948	10.773932
0.287356	15.029091
0.195876	15.356783
0.344828	15.405208
0.278351	18.791185
0.164948	16.274467
0.195402	14.791595
0.206897	12.756866
0.226804	16.240373
0.188889	14.667638
0.164948	11.835963
0.168675	16.088272
0.164948	12.578067
0.206897	23.263731
0.175258	15.944044
0.206897	23.597994
0.453608	36.182204
0.226804	31.038674
0.252874	34.044051
0.252874	34.044051
0.252874	34.044051
0.252874	34.044051
0.252874	34.044051
0.252874	34.044051
0.252874	34.044051
0.252874	34.044051
0.252874	34.044051
0.252874	34.044051
0.252874	34.044051
0.252874	34.044051
0.252874	34.044051
0.252874	34.044051
0.252874	34.044051
0.252874	34.044051
0.252874	34.044051
0.252874	34.044051
0.252874	34.044051
0.252874	34.044051
0.252874	34.044051
0.252874	34.044051
0.252874	34.044051
0.252874	34.044051
0.252874	34.044051


TE dictator
0.060606	3.707826	3.055420

Overlay dictator
3.934680	0.333333



TEvsOR    ²©ÞÄ:
0.266667	10.302842
0.287356	13.593584
0.333333	33.539872
0.287356	22.118571
0.505747	25.148938
0.367816	39.529321
0.233333	19.889517
0.333333	24.290255
0.333333	37.926844
0.277778	24.143723
0.204819	21.294789
0.321839	31.651069
0.436782	33.688698
0.477778	27.446721
0.551724	60.691858
0.204819	23.791695
0.264368	17.050346
0.333333	34.762245
0.288889	23.339062
0.402299	44.967208
0.422222	50.521493
0.298851	40.995612
0.321839	43.062566
0.298851	49.264808
0.298851	38.225804
0.298851	29.018020
0.298851	33.815748
0.298851	53.347293
0.277108	42.473900
0.356322	28.217700
0.333333	58.383247
0.204819	20.074271
0.266667	26.784128
0.204819	22.566568
0.344828	31.471300
0.367816	47.897405
0.275862	23.792718
0.333333	35.546629
0.275862	24.560565
0.367816	35.053665
0.298851	27.106018
0.298851	47.901926
0.298851	27.958225
0.298851	44.412158
0.298851	31.346065
0.355556	40.864183
0.563218	84.152481
0.333333	23.092860
0.563218	65.293519


TE dictator
0.059701	4.029751	2.822349

Overlay dictator
4.050289	0.588235



TEvsOR    ²©ÞÄ:
0.344828	12.316048
0.218391	17.540403
0.287356	14.284903
0.333333	26.988770
0.333333	28.260865
0.183908	26.149438
0.436782	36.582166
0.298969	27.909147
0.195402	15.743062
0.402062	29.524725
0.247423	21.697898
0.264368	23.616908
0.183908	25.774713
0.241379	17.362765
0.195402	15.726606
0.275862	25.508742
0.183908	26.934790
0.183908	19.067879
0.298851	35.570109
0.206897	18.095495
0.241379	26.338221
0.183908	20.365109
0.195402	24.777780
0.206186	18.658584
0.321839	27.266163
0.275862	33.982198
0.183908	9.161794
0.241379	15.860183
0.149425	8.183297
0.195402	15.176465
0.287356	17.441740
0.185567	16.610760
0.206897	21.292401
0.229885	13.731382
0.218391	29.767406
0.206897	12.754110
0.195402	23.853633
0.206897	25.626248
0.218391	18.730517
0.268041	26.169659
0.298851	27.675931
0.298851	36.263074
0.237113	21.988984
0.310345	28.607109
0.206897	23.834553
0.241379	33.846580
0.206897	32.547453
0.310345	25.844318
0.298851	21.366358


TE dictator
0.071429	3.820883	2.029405

Overlay dictator
4.202274	0.444444



TEvsOR    ²©ÞÄ:
0.494253	7.757827
0.379310	37.445180
0.367816	41.490479
0.264368	19.283357
0.277108	34.292564
0.333333	30.313316
0.275862	19.547386
0.264368	28.017336
0.222222	28.818502
0.222222	25.409927
0.222222	25.409927
0.222222	25.409927
0.222222	25.409927
0.222222	25.409927
0.222222	25.409927
0.222222	25.409927
0.222222	25.409927
0.222222	25.409927
0.222222	25.409927
0.222222	25.409927
0.222222	25.409927
0.222222	25.409927
0.222222	25.409927
0.222222	25.409927
0.222222	25.409927
0.222222	25.409927
0.222222	25.409927
0.222222	25.409927
0.222222	25.409927
0.222222	25.409927
0.222222	25.409927
0.222222	25.409927
0.222222	25.409927
0.222222	25.409927
0.222222	25.409927
0.222222	25.409927
0.222222	25.409927
0.222222	25.409927
0.222222	25.409927
0.222222	25.409927
0.222222	25.409927
0.222222	25.409927
0.222222	25.409927
0.222222	25.409927
0.222222	25.409927
0.222222	25.409927
0.222222	25.409927
0.222222	25.409927
0.222222	25.409927


TE dictator
0.071429	4.730406	3.708618

Overlay dictator
4.332711	0.550000



TEvsOR    ²©ÞÄ:
0.126437	9.562343
0.155556	13.246223
0.244444	18.289975
0.200000	15.764625
0.175258	18.317905
0.154639	18.804031
0.247423	17.766313
0.247423	22.299324
0.111111	10.210504
0.126437	11.480849
0.288889	22.819193
0.160920	10.302560
0.113402	11.435420
0.183908	19.872136
0.195402	22.410848
0.133333	6.744822
0.333333	18.314582
0.144444	10.004441
0.298851	22.435354
0.172414	13.448878
0.300000	23.506488
0.287356	19.644762
0.172414	17.234322
0.229885	13.823439
0.229885	21.276438
0.134021	9.577147
0.164948	19.737790
0.252874	18.876546
0.126437	12.712509
0.252874	14.647443
0.241379	31.575693
0.310345	31.957872
0.390805	36.593670
0.114943	10.097942
0.321839	20.159017
0.206897	13.544030
0.204819	20.582669
0.108434	7.988672
0.160920	12.477199
0.183908	12.771504
0.218391	17.507201
0.321839	22.441160
0.206897	22.942890
0.287356	21.811413
0.160920	16.829723
0.298851	32.551350
0.188889	10.334476
0.241379	17.991906
0.155556	9.963217


TE dictator
0.071429	3.790385	2.322143

Overlay dictator
3.971676	0.400000






















///////////³£ÊýÑÓ³Ù  ²âÊÔTE dictator
TEvsOR    ²©ÞÄ:
0.107143	424.000000
0.385542	568.000000
0.264368	486.000000
0.300000	583.000000
0.233333	745.000000
0.218391	484.000000
0.275862	476.000000
0.333333	587.000000
0.218391	659.000000
0.275862	554.000000
0.377778	691.000000
0.433333	490.000000
0.252874	630.000000
0.252874	490.000000
0.275862	758.000000
0.344828	499.000000
0.448276	510.000000
0.597701	545.000000
0.388889	515.000000
0.344828	762.000000
0.471264	737.000000
0.229885	485.000000
0.522222	653.000000
0.586207	706.000000
0.511111	736.000000
0.448276	704.000000
0.448276	654.000000
0.344828	599.000000
0.275862	703.000000
0.366667	523.000000
0.229885	485.000000
0.522222	653.000000
0.586207	706.000000
0.511111	736.000000
0.448276	704.000000
0.448276	654.000000
0.344828	599.000000
0.275862	703.000000
0.366667	523.000000
0.229885	485.000000
0.522222	653.000000
0.586207	706.000000
0.511111	736.000000
0.448276	704.000000
0.448276	654.000000
0.344828	599.000000
0.275862	703.000000
0.366667	523.000000
0.229885	485.000000
0.522222	653.000000


TE dictator
0.107143	0.000000	341.000000

Overlay dictator
131.000000	0.928571



TEvsOR    ²©ÞÄ:
0.089286	395.000000
0.275862	566.000000
0.266667	663.000000
0.321839	559.000000
0.275862	864.000000
0.390805	575.000000
0.436782	871.000000
0.289157	738.000000
0.287356	1030.000000
0.287356	650.000000
0.443299	508.000000
0.356322	739.000000
0.321839	865.000000
0.443299	833.000000
0.356322	728.000000
0.356322	820.000000
0.356322	728.000000
0.356322	820.000000
0.356322	728.000000
0.356322	820.000000
0.356322	728.000000
0.356322	820.000000
0.356322	728.000000
0.356322	820.000000
0.356322	728.000000
0.356322	820.000000
0.356322	728.000000
0.356322	820.000000
0.356322	728.000000
0.356322	820.000000
0.356322	728.000000
0.356322	820.000000
0.356322	728.000000
0.356322	820.000000
0.356322	728.000000
0.356322	820.000000
0.356322	728.000000
0.356322	820.000000
0.356322	728.000000
0.356322	820.000000
0.356322	728.000000
0.356322	820.000000
0.356322	728.000000
0.356322	820.000000
0.356322	728.000000
0.356322	820.000000
0.356322	728.000000
0.356322	820.000000
0.356322	728.000000
0.356322	820.000000


TE dictator
0.089286	0.000000	326.000000

Overlay dictator
123.000000	1.000000



TEvsOR    ²©ÞÄ:
0.125000	296.000000
0.367816	456.000000
0.321839	626.000000
0.402299	500.000000
0.436782	652.000000
0.436782	384.000000
0.482759	525.000000
0.436782	564.000000
0.689655	258.000000
0.655172	441.000001
0.540230	282.000000
0.505747	488.000000
0.482759	454.000000
0.448276	745.000000
0.402299	331.000000
0.597701	547.000000
0.436782	538.000000
0.494253	587.000000
0.402299	486.000000
0.436782	485.000000
0.356322	505.000000
0.505747	418.000000
0.505747	301.000001
0.505747	418.000000
0.505747	301.000001
0.505747	418.000000
0.505747	301.000001
0.505747	418.000000
0.505747	301.000001
0.505747	418.000000
0.505747	301.000001
0.505747	418.000000
0.505747	301.000001
0.505747	418.000000
0.505747	301.000001
0.505747	418.000000
0.505747	301.000001
0.505747	418.000000
0.505747	301.000001
0.505747	418.000000
0.505747	301.000001
0.505747	418.000000
0.505747	301.000001
0.505747	418.000000
0.505747	301.000001
0.505747	418.000000
0.505747	301.000001
0.505747	418.000000
0.505747	301.000001
0.505747	418.000000


TE dictator
0.125000	0.000000	321.000000

Overlay dictator
118.000000	1.000000



TEvsOR    ²©ÞÄ:
0.085366	370.000000
0.390805	387.000000
0.287356	522.000000
0.233333	812.000000
0.310345	642.000000
0.264368	492.000000
0.344828	662.000000
0.379310	395.000000
0.411111	655.000000
0.287356	698.000000
0.544444	405.000000
0.466667	758.000000
0.310345	724.000000
0.505747	577.000000
0.397590	827.000000
0.505747	577.000000
0.397590	827.000000
0.505747	577.000000
0.397590	827.000000
0.505747	577.000000
0.397590	827.000000
0.505747	577.000000
0.397590	827.000000
0.505747	577.000000
0.397590	827.000000
0.505747	577.000000
0.397590	827.000000
0.505747	577.000000
0.397590	827.000000
0.505747	577.000000
0.397590	827.000000
0.505747	577.000000
0.397590	827.000000
0.505747	577.000000
0.397590	827.000000
0.505747	577.000000
0.397590	827.000000
0.505747	577.000000
0.397590	827.000000
0.505747	577.000000
0.397590	827.000000
0.505747	577.000000
0.397590	827.000000
0.505747	577.000000
0.397590	827.000000
0.505747	577.000000
0.397590	827.000000
0.505747	577.000000
0.397590	827.000000
0.505747	577.000000


TE dictator
0.085366	0.000000	599.000000

Overlay dictator
129.000000	0.954545



TEvsOR    ²©ÞÄ:
0.085366	600.000000
0.422680	558.000000
0.322222	420.000000
0.413793	589.000000
0.360825	443.000000
0.422680	487.000000
0.277778	603.000000
0.168675	671.000000
0.233333	548.000000
0.433333	459.000000
0.255556	453.000000
0.402299	1001.000000
0.322222	485.000000
0.411111	643.000000
0.411111	603.000000
0.367816	494.000000
0.355556	689.000000
0.466667	587.000000
0.310345	545.000000
0.322222	683.000000
0.356322	635.000000
0.355556	477.000000
0.474227	648.000000
0.400000	509.000000
0.344828	787.000000
0.444444	731.000000
0.252874	739.000000
0.360825	672.000000
0.206186	561.000000
0.411111	273.000000
0.586207	587.000000
0.488889	665.000000
0.522222	423.000000
0.655556	628.000000
0.522222	352.000000
0.655556	566.000000
0.443299	586.000000
0.411111	507.000000
0.411111	690.000000
0.432990	514.000000
0.655556	685.000000
0.297619	524.000000
0.255556	817.000000
0.255556	431.000000
0.400000	413.000000
0.355556	288.000000
0.517241	515.000000
0.433333	513.000000
0.659794	628.000000
0.321839	496.000000


TE dictator
0.085366	0.000000	545.000000

Overlay dictator
128.000000	1.000000



TEvsOR    ²©ÞÄ:
0.125000	366.000000
0.436782	828.000000
0.511111	528.000000
0.600000	649.000000
0.586207	690.000000
0.494253	575.000000
0.511111	454.000000
0.528736	833.000000
0.344828	709.000000
0.298851	665.000000
0.288660	718.000000
0.574713	532.000000
0.574713	681.000000
0.453608	583.000000
0.453608	765.000000
0.288660	579.000000
0.310345	666.000000
0.310345	355.000000
0.366667	593.000000
0.264368	520.000000
0.206897	790.000000
0.287356	509.000000
0.288660	739.000000
0.377778	761.000000
0.288889	610.000000
0.494253	634.000000
0.356322	658.000000
0.597701	930.000000
0.391753	737.000000
0.436782	798.000000
0.391753	775.000000
0.643678	1051.000000
0.379310	881.000000
0.494845	490.000000
0.555556	845.000000
0.266667	623.000000
0.540230	513.000000
0.600000	577.000000
0.586207	663.000000
0.337349	673.000000
0.540230	521.000000
0.494253	793.000000
0.350515	865.000000
0.322222	838.000000
0.288660	476.000000
0.333333	700.000000
0.356322	639.000000
0.422222	537.000000
0.388889	562.000000
0.422222	750.000000


TE dictator
0.125000	486.000000	368.000000

Overlay dictator
120.000000	0.909091



TEvsOR    ²©ÞÄ:
0.125000	270.000000
0.340206	529.000000
0.206897	484.000000
0.311111	613.000000
0.413793	779.000000
0.436782	486.000000
0.310345	612.000000
0.436782	458.000000
0.540230	599.000000
0.390805	384.000000
0.433333	557.000000
0.390805	448.000000
0.425287	868.000000
0.300000	569.000000
0.367816	548.000000
0.411111	869.000000
0.266667	674.000000
0.422680	620.000000
0.413793	713.000000
0.459770	1069.000000
0.277108	766.000000
0.391753	515.000000
0.422222	696.000000
0.455556	672.000000
0.600000	559.000000
0.722222	509.000000
0.544444	553.000000
0.544444	1015.000000
0.455556	384.000000
0.411111	552.000000
0.411111	798.000000
0.422222	922.000000
0.411111	583.000000
0.422222	553.000000
0.455556	916.000000
0.455556	485.000000
0.411111	537.000000
0.455556	491.000000
0.459770	861.000000
0.459770	525.000000
0.411111	740.000000
0.455556	521.000000
0.544444	627.000000
0.544444	555.000000
0.544444	683.000000
0.722222	815.000000
0.544444	860.000000
0.422222	570.000000
0.422222	553.000000
0.455556	900.000000


TE dictator
0.125000	593.000000	360.000000

Overlay dictator
133.000000	1.000000



TEvsOR    ²©ÞÄ:
0.085366	359.000000
0.388889	578.000000
0.344444	516.000000
0.500000	564.000000
0.344444	498.000000
0.448276	835.000000
0.287356	453.000000
0.355556	779.000000
0.247423	511.000000
0.345238	731.000000
0.344444	318.000000
0.436782	743.000000
0.340206	460.000000
0.488889	510.000000
0.355556	342.000000
0.466667	501.000000
0.247423	486.000000
0.448276	620.000000
0.344444	418.000000
0.588889	545.000000
0.340206	445.000000
0.333333	731.000000
0.350515	611.000000
0.344444	351.000000
0.355556	394.000000
0.344444	443.000000
0.355556	432.000000
0.344444	410.000000
0.577778	424.000000
0.344444	420.000000
0.528736	536.000000
0.355556	610.000000
0.402062	570.000000
0.344444	331.000000
0.355556	674.000000
0.355556	476.000000
0.344444	418.000000
0.355556	710.000000
0.355556	428.000000
0.355556	636.000000
0.355556	594.000000
0.517241	723.000000
0.432990	834.000000
0.355556	541.000000
0.500000	608.000000
0.528736	754.000000
0.340206	517.000000
0.448276	755.000000
0.344444	747.000000
0.355556	452.000000


TE dictator
0.085366	502.000000	340.000000

Overlay dictator
123.000000	0.956522



TEvsOR    ²©ÞÄ:
0.107143	680.000000
0.311111	440.000000
0.355556	367.000000
0.422222	694.000000
0.677778	659.000000
0.500000	663.000000
0.250000	706.000000
0.298851	571.000000
0.402299	792.000000
0.402299	664.000000
0.402299	664.000000
0.402299	664.000000
0.402299	664.000000
0.402299	664.000000
0.402299	664.000000
0.402299	664.000000
0.402299	664.000000
0.402299	664.000000
0.402299	664.000000
0.402299	664.000000
0.402299	664.000000
0.402299	664.000000
0.402299	664.000000
0.402299	664.000000
0.402299	664.000000
0.402299	664.000000
0.402299	664.000000
0.402299	664.000000
0.402299	664.000000
0.402299	664.000000
0.402299	664.000000
0.402299	664.000000
0.402299	664.000000
0.402299	664.000000
0.402299	664.000000
0.402299	664.000000
0.402299	664.000000
0.402299	664.000000
0.402299	664.000000
0.402299	664.000000
0.402299	664.000000
0.402299	664.000000
0.402299	664.000000
0.402299	664.000000
0.402299	664.000000
0.402299	664.000000
0.402299	664.000000
0.402299	664.000000
0.402299	664.000000
0.402299	664.000000


TE dictator
0.107143	338.000000	399.000000

Overlay dictator
117.000000	1.000000



TEvsOR    ²©ÞÄ:
0.090909	383.000000
0.577778	528.000000
0.466667	486.000000
0.444444	346.000000
0.377778	487.000000
0.319588	611.000000
0.411111	372.000000
0.655556	396.000000
0.411111	716.000000
0.264368	612.000000
0.533333	558.000000
0.500000	451.000000
0.666667	736.000000
0.311111	417.000000
0.422680	549.000000
0.522222	574.000000
0.400000	438.000000
0.275862	802.000000
0.200000	496.000000
0.278351	439.000000
0.377778	467.000000
0.241379	550.000000
0.344828	513.000000
0.463918	591.000000
0.474227	604.000000
0.484536	757.000000
0.413793	882.000000
0.255556	655.000000
0.574713	603.000000
0.482759	437.000000
0.325301	593.000000
0.425287	621.000000
0.494253	510.000000
0.425287	480.000000
0.425287	629.000000
0.586207	749.000000
0.574713	1073.000000
0.425287	587.000000
0.264368	389.000000
0.528736	446.000000
0.517241	608.000000
0.425287	524.000000
0.482759	473.000000
0.333333	680.000000
0.413793	729.000000
0.413793	657.000000
0.413793	498.000000
0.402299	665.000000
0.505155	515.000000
0.422680	720.000000


TE dictator
0.090909	495.000000	412.000000

Overlay dictator
124.000000	0.956522



TEvsOR    ²©ÞÄ:
0.142857	334.000000
0.321839	425.000000
0.340206	704.000000
0.195402	419.000000
0.229885	646.000000
0.229885	666.000000
0.268041	674.000000
0.229885	581.000000
0.319588	613.000000
0.329897	757.000000
0.287356	729.000000
0.252874	701.000000
0.252874	681.000000
0.309278	788.000000
0.195402	419.000000
0.229885	646.000000
0.229885	666.000000
0.268041	674.000000
0.229885	581.000000
0.319588	613.000000
0.329897	757.000000
0.287356	729.000000
0.252874	701.000000
0.252874	681.000000
0.309278	788.000000
0.195402	419.000000
0.229885	646.000000
0.229885	666.000000
0.268041	674.000000
0.229885	581.000000
0.319588	613.000000
0.329897	757.000000
0.287356	729.000000
0.252874	701.000000
0.252874	681.000000
0.309278	788.000000
0.195402	419.000000
0.229885	646.000000
0.229885	666.000000
0.268041	674.000000
0.229885	581.000000
0.319588	613.000000
0.329897	757.000000
0.287356	729.000000
0.252874	701.000000
0.252874	681.000000
0.309278	788.000000
0.195402	419.000000
0.229885	646.000000
0.229885	666.000000


TE dictator
0.142857	369.000000	212.000000

Overlay dictator
126.000000	1.000000



TEvsOR    ²©ÞÄ:
0.142857	272.000000
0.233333	433.000000
0.310345	403.000000
0.298851	735.000000
0.253012	772.000000
0.350515	490.000000
0.644444	677.000000
0.377778	703.000000
0.355556	485.000000
0.344828	808.000000
0.350515	655.000000
0.425287	769.000000
0.477778	555.000000
0.444444	703.000000
0.356322	684.000000
0.505155	676.000000
0.333333	603.000000
0.644444	775.000000
0.544444	596.000000
0.540230	866.000000
0.482759	458.000000
0.436782	781.000000
0.413793	978.000000
0.288889	597.000000
0.444444	343.000000
0.500000	646.000000
0.644444	851.000000
0.355556	671.000000
0.275862	588.000000
0.390805	878.000000
0.287356	672.000000
0.644444	517.000000
0.422222	529.000000
0.712644	846.000000
0.360825	776.000000
0.350515	982.000000
0.355556	694.000000
0.448276	885.000000
0.277778	471.000000
0.422680	855.000000
0.459770	1133.000000
0.255556	735.000000
0.455556	753.000000
0.377778	883.000000
0.413793	507.000000
0.455556	608.000000
0.425287	664.000000
0.611111	594.000000
0.611111	704.000000
0.455556	739.000000


TE dictator
0.142857	448.000000	420.000000

Overlay dictator
115.000000	0.950000



TEvsOR    ²©ÞÄ:
0.101449	467.000000
0.289157	492.000000
0.482759	495.000000
0.300000	424.000000
0.632184	675.000000
0.255556	433.000000
0.288889	563.000000
0.413793	532.000000
0.388889	583.000000
0.471264	699.000000
0.277778	568.000000
0.344444	532.000000
0.311111	607.000000
0.367816	602.000000
0.459770	476.000000
0.390805	762.000000
0.333333	652.000000
0.264368	610.000000
0.287356	530.000000
0.264368	611.000001
0.459770	558.000000
0.333333	571.000000
0.494253	666.000000
0.528736	602.000000
0.301205	683.000000
0.448276	415.000000
0.356322	672.000000
0.211111	637.000000
0.287356	503.000000
0.379310	489.000000
0.287356	633.000000
0.287356	569.000000
0.466667	351.000000
0.586207	666.000000
0.277778	574.000000
0.448276	694.000000
0.333333	771.000000
0.388889	673.000000
0.455556	1011.000000
0.436782	302.000000
0.655556	534.000000
0.448276	615.000000
0.466667	420.000000
0.577778	380.000000
0.500000	731.000000
0.322222	383.000000
0.540230	785.000000
0.402299	796.000000
0.588889	524.000000
0.344828	672.000000


TE dictator
0.101449	424.000000	401.000000

Overlay dictator
116.000000	1.000000



TEvsOR    ²©ÞÄ:
0.142857	298.000000
0.402299	415.000000
0.329897	396.000000
0.355556	486.000000
0.322222	550.000000
0.388889	396.000000
0.463918	455.000000
0.477778	849.000000
0.287356	521.000000
0.443299	389.000000
0.600000	589.000000
0.587629	452.000000
0.551724	532.000000
0.551724	743.000000
0.288660	462.000000
0.688889	483.000000
0.206186	657.000000
0.333333	691.000000
0.443299	572.000000
0.477778	819.000000
0.310345	588.000000
0.411111	650.000000
0.411111	678.000000
0.411111	769.000000
0.216495	814.000000
0.411111	569.000000
0.474227	706.000000
0.413793	586.000000
0.252874	564.000000
0.252874	678.000000
0.356322	457.000000
0.620690	733.000000
0.388889	493.000000
0.444444	591.000000
0.329897	643.000000
0.379310	704.000000
0.268041	731.000000
0.206186	609.000000
0.288660	481.000000
0.466667	573.000000
0.388889	460.000000
0.433333	602.000000
0.369048	763.000000
0.379310	493.000000
0.355556	531.000000
0.344444	474.000000
0.649485	755.000000
0.511111	529.000000
0.517241	758.000000
0.411111	932.000000


TE dictator
0.142857	313.000000	208.000000

Overlay dictator
116.000000	1.000000



TEvsOR    ²©ÞÄ:
0.097561	476.000000
0.390805	511.000000
0.632184	597.000000
0.517241	544.000000
0.390805	654.000000
0.388889	345.000000
0.511111	610.000000
0.350515	425.000000
0.618557	592.000000
0.587629	392.000000
0.505155	438.000000
0.505155	438.000000
0.505155	438.000000
0.505155	438.000000
0.505155	438.000000
0.505155	438.000000
0.505155	438.000000
0.505155	438.000000
0.505155	438.000000
0.505155	438.000000
0.505155	438.000000
0.505155	438.000000
0.505155	438.000000
0.505155	438.000000
0.505155	438.000000
0.505155	438.000000
0.505155	438.000000
0.505155	438.000000
0.505155	438.000000
0.505155	438.000000
0.505155	438.000000
0.505155	438.000000
0.505155	438.000000
0.505155	438.000000
0.505155	438.000000
0.505155	438.000000
0.505155	438.000000
0.505155	438.000000
0.505155	438.000000
0.505155	438.000000
0.505155	438.000000
0.505155	438.000000
0.505155	438.000000
0.505155	438.000000
0.505155	438.000000
0.505155	438.000000
0.505155	438.000000
0.505155	438.000000
0.505155	438.000000
0.505155	438.000000


TE dictator
0.097561	631.000000	552.000000

Overlay dictator
125.000000	1.000000



TEvsOR    ²©ÞÄ:
0.103896	274.000000
0.655172	647.000000
0.275862	455.000000
0.275862	455.000000
0.275862	455.000000
0.275862	455.000000
0.275862	455.000000
0.275862	455.000000
0.275862	455.000000
0.275862	455.000000
0.275862	455.000000
0.275862	455.000000
0.275862	455.000000
0.275862	455.000000
0.275862	455.000000
0.275862	455.000000
0.275862	455.000000
0.275862	455.000000
0.275862	455.000000
0.275862	455.000000
0.275862	455.000000
0.275862	455.000000
0.275862	455.000000
0.275862	455.000000
0.275862	455.000000
0.275862	455.000000
0.275862	455.000000
0.275862	455.000000
0.275862	455.000000
0.275862	455.000000
0.275862	455.000000
0.275862	455.000000
0.275862	455.000000
0.275862	455.000000
0.275862	455.000000
0.275862	455.000000
0.275862	455.000000
0.275862	455.000000
0.275862	455.000000
0.275862	455.000000
0.275862	455.000000
0.275862	455.000000
0.275862	455.000000
0.275862	455.000000
0.275862	455.000000
0.275862	455.000000
0.275862	455.000000
0.275862	455.000000
0.275862	455.000000
0.275862	455.000000


TE dictator
0.103896	577.000000	320.000000

Overlay dictator
130.000000	1.000000



TEvsOR    ²©ÞÄ:
0.142857	459.000000
0.344444	775.000000
0.466667	441.000000
0.425287	882.000000
0.533333	361.000000
0.400000	457.000000
0.522222	503.000000
0.574713	796.000000
0.588889	571.000000
0.400000	543.000000
0.333333	951.000000
0.425287	489.000000
0.367816	759.000000
0.766667	748.000000
0.533333	494.000000
0.444444	671.000000
0.300000	624.000000
0.563218	920.000000
0.356322	688.000000
0.455556	1121.000000
0.275862	848.000000
0.356322	521.000000
0.563218	754.000000
0.597938	593.000000
0.436782	883.000000
0.433333	600.000000
0.400000	452.000000
0.811111	571.000000
0.517241	785.000000
0.388889	507.000000
0.515464	544.000000
0.422680	596.000000
0.546392	535.000000
0.356322	406.000000
0.632184	634.000000
0.453608	689.000000
0.443299	341.000000
0.381443	762.000000
0.577778	591.000000
0.413793	704.000000
0.471264	646.000000
0.333333	755.000000
0.525773	675.000000
0.611111	541.000000
0.309278	736.000000
0.689655	901.000000
0.266667	750.000000
0.333333	598.000000
0.689655	731.000000
0.620690	491.000000


TE dictator
0.142857	479.000000	417.000000

Overlay dictator
120.000000	1.000000



TEvsOR    ²©ÞÄ:
0.107143	562.000000
0.574713	422.000000
0.574713	531.000000
0.517241	798.000000
0.436782	535.000000
0.482759	833.000000
0.609195	730.000000
0.333333	644.000000
0.391753	972.000000
0.206897	506.000000
0.344828	633.000000
0.344828	436.000000
0.322222	512.000000
0.402299	351.000000
0.402299	531.000000
0.459770	693.000000
0.413793	770.000000
0.264368	400.000000
0.390805	813.000000
0.264368	765.000000
0.402299	369.000000
0.409639	564.000000
0.402299	383.000000
0.356322	770.000000
0.402299	488.000000
0.402299	724.000000
0.344828	450.000000
0.644444	780.000000
0.402299	724.000000
0.344828	450.000000
0.644444	780.000000
0.402299	724.000000
0.344828	450.000000
0.644444	780.000000
0.402299	724.000000
0.344828	450.000000
0.644444	780.000000
0.402299	724.000000
0.344828	450.000000
0.644444	780.000000
0.402299	724.000000
0.344828	450.000000
0.644444	780.000000
0.402299	724.000000
0.344828	450.000000
0.644444	780.000000
0.402299	724.000000
0.344828	450.000000
0.644444	780.000000
0.402299	724.000000


TE dictator
0.107143	510.000000	466.000000

Overlay dictator
126.000000	1.000000



TEvsOR    ²©ÞÄ:
0.101449	368.000000
0.425287	659.000000
0.241379	699.000000
0.597701	555.000000
0.597701	538.000000
0.597701	555.000000
0.597701	538.000000
0.597701	555.000000
0.597701	538.000000
0.597701	555.000000
0.597701	538.000000
0.597701	555.000000
0.597701	538.000000
0.597701	555.000000
0.597701	538.000000
0.597701	555.000000
0.597701	538.000000
0.597701	555.000000
0.597701	538.000000
0.597701	555.000000
0.597701	538.000000
0.597701	555.000000
0.597701	538.000000
0.597701	555.000000
0.597701	538.000000
0.597701	555.000000
0.597701	538.000000
0.597701	555.000000
0.597701	538.000000
0.597701	555.000000
0.597701	538.000000
0.597701	555.000000
0.597701	538.000000
0.597701	555.000000
0.597701	538.000000
0.597701	555.000000
0.597701	538.000000
0.597701	555.000000
0.597701	538.000000
0.597701	555.000000
0.597701	538.000000
0.597701	555.000000
0.597701	538.000000
0.597701	555.000000
0.597701	538.000000
0.597701	555.000000
0.597701	538.000000
0.597701	555.000000
0.597701	538.000000
0.597701	555.000000


TE dictator
0.101449	657.000000	712.000000

Overlay dictator
129.000000	1.000000



TEvsOR    ²©ÞÄ:
0.096386	442.000000
0.436782	478.000000
0.309278	752.000000
0.379310	444.000000
0.471264	745.000000
0.425287	708.000000
0.563218	853.000000
0.505747	570.000000
0.266667	505.000000
0.436782	658.000000
0.471264	856.000000
0.288660	486.000000
0.266667	494.000000
0.528736	882.000000
0.355556	398.000000
0.371134	581.000000
0.459770	518.000000
0.244444	412.000000
0.515464	841.000000
0.355556	404.000000
0.484536	478.000000
0.494253	664.000000
0.319588	540.000000
0.381443	567.000000
0.319588	567.000000
0.712644	614.000000
0.546392	552.000000
0.471264	854.000000
0.528736	402.000000
0.839080	709.000000
0.459770	575.000000
0.310345	599.000000
0.494253	964.000000
0.390805	933.000000
0.344828	636.000000
0.471264	629.000000
0.522222	632.000000
0.528736	464.000000
0.677778	912.000000
0.528736	330.000000
0.777778	479.000000
0.655172	729.000000
0.574713	780.000000
0.546392	672.000000
0.528736	583.000000
0.425287	435.000000
0.494253	590.000000
0.528736	779.000000
0.344828	570.000000
0.425287	807.000000


TE dictator
0.096386	577.000000	498.000000

Overlay dictator
129.000000	0.956522



TEvsOR    ²©ÞÄ:
0.144578	537.000000
0.632184	669.000000
0.574713	698.000000
0.459770	536.000000
0.735632	555.000000
TE unfeasible


TE dictator
0.144578	519.000000	612.000000

Overlay dictator
121.000000	1.000000




TEvsOR    ²©ÞÄ:
0.142857	328.000000
0.862069	525.000000
0.724138	603.000000
0.586207	559.000000
0.587629	411.000000
0.494253	481.000000
0.632184	647.000000
0.381443	521.000000
0.804598	588.000000
0.632184	699.000000
0.678161	378.000000
0.551724	466.000000
0.770115	670.000000
0.551724	467.000000
0.927835	660.000000
0.678161	486.000000
0.678161	646.000000
0.677778	589.000000
0.678161	947.000000
0.494253	436.000000
0.597701	551.000000
0.494253	436.000000
0.597701	551.000000
0.494253	436.000000
0.597701	551.000000
0.494253	436.000000
0.597701	551.000000
0.494253	436.000000
0.597701	551.000000
0.494253	436.000000
0.597701	551.000000
0.494253	436.000000
0.597701	551.000000
0.494253	436.000000
0.597701	551.000000
0.494253	436.000000
0.597701	551.000000
0.494253	436.000000
0.597701	551.000000
0.494253	436.000000
0.597701	551.000000
0.494253	436.000000
0.597701	551.000000
0.494253	436.000000
0.597701	551.000000
0.494253	436.000000
0.597701	551.000000
0.494253	436.000000
0.597701	551.000000
0.494253	436.000000


TE dictator
0.142857	521.000000	418.000000

Overlay dictator
133.000000	1.000000



TEvsOR    ²©ÞÄ:
0.136364	645.000000
0.522222	509.000000
0.466667	497.000000
0.522222	646.000000
0.522222	380.000000
0.522222	555.000000
0.567010	569.000000
0.422222	540.000000
0.620690	477.000000
0.933333	474.000000
0.804124	700.000000
0.522222	699.000000
0.494845	566.000000
0.814433	463.000000
0.752577	574.000000
0.752577	574.000000
0.752577	574.000000
0.752577	574.000000
0.752577	574.000000
0.752577	574.000000
0.752577	574.000000
0.752577	574.000000
0.752577	574.000000
0.752577	574.000000
0.752577	574.000000
0.752577	574.000000
0.752577	574.000000
0.752577	574.000000
0.752577	574.000000
0.752577	574.000000
0.752577	574.000000
0.752577	574.000000
0.752577	574.000000
0.752577	574.000000
0.752577	574.000000
0.752577	574.000000
0.752577	574.000000
0.752577	574.000000
0.752577	574.000000
0.752577	574.000000
0.752577	574.000000
0.752577	574.000000
0.752577	574.000000
0.752577	574.000000
0.752577	574.000000
0.752577	574.000000
0.752577	574.000000
0.752577	574.000000
0.752577	574.000000
0.752577	574.000000


TE dictator
0.136364	677.000000	517.000000

Overlay dictator
124.000000	1.000000






TEvsOR    ²©ÞÄ:
0.142857	411.000000
0.850575	703.000000
0.515464	665.000000
0.412371	715.000000
0.927835	751.000000
0.850575	597.000000
0.850575	518.000000
0.781609	850.000000
0.482759	692.000000
0.482759	753.000000
0.463918	898.000000
0.340206	758.000000
0.689655	664.000000
0.689655	647.000000
0.689655	782.000000
0.689655	827.000000
0.689655	936.000000
0.689655	679.000000
0.574713	569.000000
0.574713	827.000000
0.466667	424.000000
0.731959	552.000000
0.597938	704.000000
0.466667	645.000000
0.722222	751.000000
0.644444	1055.000000
0.288889	735.000000
0.586207	436.000000
0.783505	849.000000
0.555556	777.000000
0.586207	789.000000
0.804598	501.000000
0.804598	1079.000000
0.448276	614.000000
0.689655	825.000000
0.482759	672.000000
TE unfeasible


TE dictator
0.142857	700.000000	849.000000

Overlay dictator
126.000000	1.000000



TEvsOR    ²©ÞÄ:
0.172414	338.000000
0.412371	622.000000
0.701031	421.000000
0.659794	701.000000
0.474227	543.000000
0.701031	889.000000
0.525773	667.000000
0.866667	684.000000
0.463918	473.000000
0.477778	857.000000
0.412371	482.000000
0.866667	636.000000
0.412371	471.000000
0.522222	399.000000
0.528736	637.000000
0.574713	593.000000
0.574713	715.000000
0.701031	355.000000
0.855556	518.000000
TE unfeasible


TE dictator
0.172414	421.000000	285.000000

Overlay dictator
122.000000	0.928571



TEvsOR    ²©ÞÄ:
0.140000	450.000000
0.747126	660.000000
0.747126	914.000000
0.622222	520.000000
0.500000	505.000000
0.500000	652.000000
0.533333	491.000000
0.500000	543.000000
0.655556	610.000000
0.655556	517.000000
0.866667	542.000000
0.597701	853.000000
0.844444	636.000000
0.958763	879.000000
0.500000	743.000000
0.755556	692.000000
0.722222	508.000000
0.722222	508.000000
0.722222	508.000000
0.722222	508.000000
0.722222	508.000000
0.722222	508.000000
0.722222	508.000000
0.722222	508.000000
0.722222	508.000000
0.722222	508.000000
0.722222	508.000000
0.722222	508.000000
0.722222	508.000000
0.722222	508.000000
0.722222	508.000000
0.722222	508.000000
0.722222	508.000000
0.722222	508.000000
0.722222	508.000000
0.722222	508.000000
0.722222	508.000000
0.722222	508.000000
0.722222	508.000000
0.722222	508.000000
0.722222	508.000000
0.722222	508.000000
0.722222	508.000000
0.722222	508.000000
0.722222	508.000000
0.722222	508.000000
0.722222	508.000000
0.722222	508.000000
0.722222	508.000000
0.722222	508.000000


TE dictator
0.140000	620.000000	489.000000

Overlay dictator
135.000000	1.000000





TEvsOR    ²©ÞÄ:
0.196429	357.000000
0.448276	489.000000
0.432990	447.000000
0.528736	832.000000
0.388889	501.000000
0.422222	579.000000
0.609195	856.000000
0.505747	497.000000
0.804124	629.000000
0.551724	545.000000
0.505747	594.000000
0.711111	577.000000
0.844444	974.000000
0.356322	459.000000
0.773196	448.000000
0.655172	748.000000
0.649485	354.000000
0.388889	543.000000
0.551724	784.000000
0.597701	979.000000
0.505747	695.000000
0.482759	644.000000
0.505747	515.000000
0.659794	542.000000
0.907216	777.000000
0.762887	659.000000
0.827586	735.000000
0.555556	689.000000
0.712644	575.000000
0.762887	635.000000
0.551724	894.000000
0.954023	856.000000
0.865979	747.000000
0.678161	970.000000
0.471264	690.000000
0.586207	723.000000
0.597701	671.000000
0.546392	671.000000
0.563218	1112.000000
0.577320	549.000000
0.678161	676.000000
0.563218	668.000000
0.689655	788.000000
0.666667	645.000000
0.597701	573.000000
0.670103	611.000000
0.563218	765.000000
0.666667	710.000000
0.505747	786.000000
0.556701	687.000000


TE dictator
0.196429	518.000000	502.000000

Overlay dictator
119.000000	1.000000



TEvsOR    ²©ÞÄ:
0.097561	506.000000
0.411111	675.000000
0.355556	427.000000
0.444444	539.000000
0.311111	424.000000
0.298851	547.000000
0.311111	752.000000
0.278351	765.000000
0.742268	700.000000
0.515464	628.000000
0.444444	564.000000
0.402062	747.000000
0.546392	830.000000
0.402062	428.000000
0.511111	621.000000
0.402062	655.000000
0.444444	482.000000
0.515464	611.000000
0.444444	745.000000
0.422222	598.000000
0.566667	691.000000
0.422222	616.000000
0.373494	766.000000
0.355556	507.000000
0.422222	615.000000
0.373494	892.000000
0.402062	656.000000
0.444444	498.000000
0.515464	642.000000
0.355556	952.000000
0.528736	655.000000
0.295455	646.000000
0.444444	734.000000
0.466667	771.000000
0.391753	716.000000
0.433333	676.000000
0.463918	767.000000
0.494845	753.000000
0.311111	593.000000
0.567010	679.000000
0.311111	639.000000
0.366667	897.000000
0.326087	752.000000
0.522222	839.000000
0.311111	593.000000
0.528736	830.000000
0.311111	506.000000
0.311111	557.000000
0.222222	479.000000
0.422222	755.000000


TE dictator
0.097561	533.000000	506.000000

Overlay dictator
130.000000	0.925926



TEvsOR    ²©ÞÄ:
0.107143	490.000000
0.381443	622.000000
0.388889	439.000000
0.477778	377.000000
0.536082	552.000000
0.411111	651.000000
0.329897	631.000000
0.517241	792.000000
0.390805	628.000000
0.578313	718.000000
0.381443	439.000000
0.609195	774.000000
0.381443	496.000000
0.381443	830.000000
0.321839	483.000000
0.319588	610.000000
0.402062	505.000000
0.597938	705.000000
0.360825	490.000000
0.443299	481.000000
0.371134	617.000000
0.515464	495.000000
0.371134	749.000000
0.371134	577.000000
0.670103	530.000000
0.515464	445.000000
0.371134	778.000000
0.371134	778.000000
0.371134	778.000000
0.371134	778.000000
0.371134	778.000000
0.371134	778.000000
0.371134	778.000000
0.371134	778.000000
0.371134	778.000000
0.371134	778.000000
0.371134	778.000000
0.371134	778.000000
0.371134	778.000000
0.371134	778.000000
0.371134	778.000000
0.371134	778.000000
0.371134	778.000000
0.371134	778.000000
0.371134	778.000000
0.371134	778.000000
0.371134	778.000000
0.371134	778.000000
0.371134	778.000000
0.371134	778.000000


TE dictator
0.107143	540.000000	490.000000

Overlay dictator
123.000000	0.954545



TEvsOR    ²©ÞÄ:
0.142857	370.000000
0.402299	548.000000
0.275862	752.000000
0.244444	548.000000
0.287356	760.000000
0.770115	593.000000
0.413793	411.000000
0.413793	776.000000
0.244444	513.000000
0.287356	522.000000
0.287356	505.000000
0.390805	472.000000
0.528736	483.000000
0.528736	439.000000
0.574713	509.000000
0.528736	673.000000
0.644444	779.000000
0.321839	475.000000
0.355556	767.000000
0.287356	719.000000
0.275862	516.999999
0.528736	607.000000
0.287356	674.000000
0.517241	539.000000
0.551724	551.000000
0.517241	542.000000
0.655172	643.000000
0.388889	598.000000
0.355556	632.000000
0.678161	703.000000
0.355556	714.000000
0.528736	840.999998
0.459770	965.000000
0.321839	441.000000
0.459770	501.000000
0.666667	621.000000
0.287356	766.000000
0.329897	730.000000
0.329897	622.000000
0.586207	1141.000000
0.356322	612.000000
0.402299	574.000000
0.344828	536.000000
0.448276	654.000000
0.322222	669.000000
0.321839	648.000000
0.322222	524.000000
0.241379	949.000000
0.275862	442.000000
0.528736	654.000000


TE dictator
0.142857	355.000000	370.000000

Overlay dictator
130.000000	0.789474



TEvsOR    ²©ÞÄ:
0.091954	404.000000
0.322222	563.000000
0.289157	647.000000
0.288889	648.000000
0.422222	458.000000
0.505747	701.000000
0.240964	527.000000
0.275862	552.000000
0.355556	667.000000
0.505747	525.000000
0.355556	394.000000
0.747126	472.000000
0.344828	526.000000
0.505747	449.000000
0.388889	516.000000
0.482759	491.000000
0.597701	691.000000
0.471264	799.000000
0.494253	813.000000
0.379310	448.000000
0.505747	819.000000
0.390805	614.000000
0.666667	646.000000
0.666667	804.000000
0.344828	575.000000
0.528736	757.000000
0.425287	532.000000
0.344828	643.000000
0.505747	694.000000
0.344828	686.000000
0.355556	521.000000
0.482759	617.000000
0.528736	541.000000
0.409639	554.000000
0.488889	484.000000
0.528736	469.000000
0.344828	778.000000
0.390805	491.000000
0.758621	586.000000
0.609195	694.000000
0.758621	696.000000
0.413793	579.000000
0.609195	621.000000
0.482759	777.000000
0.666667	979.000000
0.517241	695.000000
0.517241	862.000000
0.505747	884.000000
0.655172	1290.000000
0.563218	566.000000


TE dictator
0.091954	522.000000	404.000000

Overlay dictator
132.000000	0.869565



TEvsOR    ²©ÞÄ:
0.101266	594.000000
0.287356	394.000000
0.816092	739.000000
0.466667	634.000000
0.494253	456.000000
0.804598	785.000000
0.344828	749.000000
0.287356	717.000000
0.678161	465.000000
0.677778	671.000000
0.355556	625.000000
0.459770	544.000000
0.432990	774.000000
0.466667	693.000000
0.528736	460.000000
0.551724	613.000000
0.455556	718.000000
0.528736	521.000000
0.388889	690.000000
0.494253	614.000000
0.379310	705.000000
0.500000	650.000000
0.379310	701.000000
0.344828	602.000000
0.494253	611.000000
0.453608	635.000000
0.379310	475.000000
0.340206	621.000000
0.494253	697.000000
0.391753	503.000000
0.494845	653.000000
0.459770	648.000000
0.453608	681.000000
0.453608	841.000000
0.391753	588.000000
0.528736	463.000000
0.425287	681.000000
0.379310	570.000000
0.379310	544.000000
0.494253	502.000000
0.453608	595.000000
0.563218	533.000000
0.551724	850.000000
0.391753	787.000000
0.494253	953.000000
0.356322	686.000000
0.340206	853.000000
0.540230	816.000000
0.453608	645.000000
0.494845	511.000000


TE dictator
0.101266	657.000000	594.000000

Overlay dictator
134.000000	0.954545




