////////
Network Friendly Overlay Routing测试错误  数据不可取
///////

TEvsOR    博弈:
0.168539	231.000000
0.377778	226.000000
0.724638	284.000000
0.494382	286.000000
0.437500	338.000000
0.235955	217.000000
0.322222	198.000000
0.956522	297.000000
0.269663	242.000000
0.379310	248.000000
0.362319	345.000000
0.375000	251.000000
0.321839	237.000000
0.643678	290.999999
0.505618	309.000000
0.333333	273.000000
0.344828	287.000000
0.355556	192.000000
0.594203	296.000000
0.288889	244.000000
0.477778	226.000000
0.422680	328.000000
0.434783	290.000000
0.455556	206.000000
0.681159	323.000000
0.355556	301.000000
0.405797	278.000000
0.666667	202.000000
0.550725	313.000000
0.355556	260.000000


Network Friendly Overlay Routing
0.168539	231.000000
0.377778	248.592424
0.266667	283.762489
0.217391	262.871245
0.224689	193.334791
0.248429	246.732170
0.262720	181.571777
0.258794	187.598616
0.248037	215.934297
0.205781	204.642147
0.229032	156.260127
0.260965	177.536559
0.277000	177.031633
0.292222	214.994046
0.265556	203.320403
0.235062	255.894381
0.293348	214.774764
0.257599	196.950395
0.298219	186.743881
0.209526	209.515756
0.245732	274.994348
0.238074	211.722535
0.253889	173.203246
0.270696	183.303778
0.297778	196.579752
0.288889	190.413285
0.312918	214.753135
0.293460	181.975374
0.333872	159.393581
0.284392	286.012779
0.297620	215.825220
0.300733	210.266157
0.327413	245.004104
0.309668	215.478607
0.355095	184.905402
0.318283	175.518731
0.375154	200.604524
0.344527	188.872645
0.283889	178.646018
0.345556	179.087287
0.298160	177.500697
0.308889	178.847285
0.305556	168.631652
0.293843	183.211961
0.322222	131.553813
0.322222	172.547866
0.305556	178.427327
0.341035	144.903481
0.308689	182.625435
0.314089	167.578200
0.297204	221.470308
0.300000	185.119697
0.296556	175.451394
0.312189	275.251306
0.295846	206.181017
0.288889	171.311727
0.288889	171.855631
0.323778	213.271940
0.308201	215.187660
0.288889	236.568249
0.352604	217.820269
0.356187	198.598522
0.313044	141.585254
0.256957	244.947137
0.240496	261.760127
0.231467	188.278304
0.268582	215.583906
0.221563	286.918939
0.281925	203.069116
0.284424	201.339181
0.271529	203.381151
0.291777	206.441484
0.330241	167.472428
0.295979	224.941687
0.274640	182.584730
0.250365	221.281929
0.302600	215.545537
0.218052	173.499382
0.231141	164.396304
0.231583	211.571497
0.241058	190.171200
0.255709	241.707389
0.332421	183.141503
0.315592	181.553093
0.280270	251.077626
0.291858	177.859567
0.288889	146.794971
0.288889	246.060396
0.244910	166.709487
0.255050	249.145677
0.221311	285.680533
0.176271	171.295436
0.193643	173.281090
0.216792	250.331700
0.223095	238.261465
0.212290	239.130334
0.225353	232.573283
0.206186	180.348282
0.216310	204.330003
0.224314	231.223070


TE dictator
0.168539	302.000000

Overlay dictator
103.000000	0.446154



遗传算法1
0.253521	0.253521	199.000000

遗传算法1
0.271429	0.271429	198.000000

遗传算法2
0.264706	0.264706	159.000000

遗传算法2
0.280000	0.280000	161.000000

TEvsOR    博弈:
0.231884	180.000000
0.426966	234.000000
0.637500	231.000000
0.753623	289.000000
0.438202	256.000000
0.492754	375.000000
0.318841	221.000000
0.433333	204.000000
0.826087	269.000000
0.750000	349.000000
0.438202	315.000000
0.482759	296.000000
0.550725	251.000000
0.575000	298.000000
0.483146	210.000000
0.739130	365.000000
0.400000	271.000000
0.500000	302.000000
0.797101	362.000000
0.681159	454.000000
0.512500	287.000000
0.483146	375.000000
0.391304	326.000000
0.415730	281.000000
0.500000	353.000000
0.573034	319.000000
0.478261	335.000000
0.516854	292.000000
0.303371	322.000000
0.337079	326.000000


Network Friendly Overlay Routing
0.231884	180.000000
0.550562	255.616667
0.325000	213.807318
0.339130	210.978955
0.256174	290.748697
0.260870	288.967327
0.261533	279.650123
0.255072	293.264563
0.260870	255.395803
0.243478	410.496146
0.271014	377.768583
0.262024	318.250668
0.260870	321.832988
0.260870	284.899240
0.262804	352.936130
0.260870	330.936012
0.274444	253.463303
0.331739	216.595884
0.311111	264.428575
0.311111	271.021032
0.302222	311.988648
0.289855	305.990717
0.331311	293.379367
0.348293	294.995668
0.295280	289.865859
0.326768	317.101242
0.395652	322.999215
0.336087	358.343239
0.318841	333.314874
0.310555	254.607487
0.277897	316.847948
0.304348	337.617779
0.325000	262.031460
0.282875	379.313337
0.300022	292.175603
0.286807	320.432982
0.305515	314.581885
0.325000	322.147012
0.289855	274.141213
0.259209	310.925710
0.293913	426.865516
0.265380	337.516577
0.289863	283.122151
0.376530	280.924358
0.390487	322.019333
0.237064	208.058827
0.259496	305.848076
0.304697	275.875580
0.352765	244.298389
0.321449	224.800589
0.313600	232.033028
0.368750	191.198484
0.327412	248.686680
0.363318	278.480011
0.276675	355.871368
0.294029	277.252939
0.311763	204.308756
0.342260	255.116541
0.314106	204.010925
0.351624	289.349938
0.321628	258.576422
0.277826	211.863706
0.254545	264.051420
0.309050	236.932153
0.258065	294.362879
0.258335	254.082086
0.254545	333.021663
0.289175	193.944133
0.319025	213.773030
0.330527	232.892428
0.321565	228.313865
0.325633	243.531238
0.322323	209.866680
0.365811	196.295412
0.346700	294.820166
0.437558	215.400672
0.532159	221.596219
0.479316	198.921171
0.426444	179.332611
0.464420	174.645854
0.376465	226.748018
0.331293	262.934456
0.326237	250.377884
0.355152	274.197280
0.318652	317.360895
0.389441	158.120888
0.432388	263.914984
0.398770	202.900626
0.450135	179.386299
0.421842	163.535129
0.441728	258.016395
0.410913	206.435556
0.389778	170.063333
0.396711	167.107465
0.352391	202.379838
0.366367	190.057125
0.386721	208.730490
0.451115	148.769047
0.423116	248.031202
0.426718	214.577075


TE dictator
0.231884	225.000000

Overlay dictator
103.000000	0.862069



遗传算法1
0.269663	0.269663	192.000000

遗传算法1
0.293103	0.293103	192.000000

遗传算法2
0.279412	0.279412	172.000000

遗传算法2
0.314607	0.314607	165.000000

TEvsOR    博弈:
0.240000	189.000000
0.304348	244.000000
0.404494	269.000000
0.608247	336.000000
0.371134	199.000000
0.536082	188.000000
0.565217	270.000000
0.350515	203.000000
0.371134	335.000000
0.250000	257.000000
0.546392	227.000000
0.536082	221.000000
0.405797	282.000000
0.550562	317.000000
0.344828	372.000000
0.492754	328.000000
0.370787	334.000000
0.437500	328.000000
0.285714	271.000000
0.674157	303.000000
0.303371	328.000000
0.314607	192.000000
0.449275	351.000000
0.405797	227.000000
0.355556	292.000000
0.565217	226.000000
0.597938	208.000000
0.577320	327.000000
0.422222	301.000000
0.463918	226.000000


Network Friendly Overlay Routing
0.240000	189.000000
0.350515	245.524199
0.304348	203.521000
0.252875	290.424400
0.240000	226.567035
0.240000	219.953812
0.240000	198.207673
0.240000	230.167767
0.240000	202.831537
0.241348	237.543178
0.282995	209.732772
0.256814	193.536406
0.251550	270.541197
0.257741	271.220109
0.246711	247.438923
0.245630	219.864831
0.240000	195.288201
0.261669	218.044596
0.240000	252.676070
0.244431	189.506579
0.240000	205.114865
0.240000	252.673418
0.257797	279.505494
0.240000	249.877645
0.270803	205.143828
0.240000	307.654054
0.240000	260.154067
0.303491	284.550243
0.303234	236.227987
0.285509	261.219562
0.252913	231.511446
0.301901	315.932309
0.310023	253.777910
0.311401	285.738380
0.304348	346.316348
0.299432	292.295345
0.362885	258.957337
0.273524	262.248160
0.317585	245.892830
0.347278	222.666952
0.373821	254.935312
0.410924	235.627741
0.371091	321.589135
0.412698	267.832216
0.282303	264.978001
0.297429	188.979140
0.253110	317.376700
0.269066	322.167968
0.240000	290.428372
0.240000	230.034232
0.240000	176.552175
0.240000	238.463466
0.240000	272.458464
0.240000	191.374322
0.261911	225.925845
0.240000	236.153882
0.240000	276.605818
0.240000	241.394016
0.240000	232.370002
0.260974	281.871019
0.240000	306.779185
0.240000	271.251381
0.240000	242.086699
0.240000	271.721258
0.240000	239.131270
0.240000	214.947969
0.240000	188.220664
0.240000	212.094317
0.254063	254.883829
0.264000	221.007786
0.240000	214.022191
0.308652	208.082870
0.287914	224.263765
0.265650	357.992117
0.311111	235.786816
0.307778	212.104609
0.286778	227.492119
0.266811	262.659237
0.325043	212.506523
0.314113	210.471005
0.295014	165.286844
0.288889	266.066271
0.271241	198.951693
0.240000	219.118408
0.273825	214.927002
0.265225	208.593750
0.296770	227.734278
0.311467	262.745211
0.299281	215.874142
0.299534	253.362696
0.287172	277.011968
0.247707	311.891608
0.275798	227.729928
0.348936	164.443170
0.366667	256.022765
0.364599	209.174179
0.347399	235.493222
0.338107	271.380172
0.326206	199.762621
0.310735	251.065560


TE dictator
0.240000	227.000000

Overlay dictator
103.000000	0.603448



遗传算法1
0.620000	0.620000	165.000000

遗传算法1
0.620000	0.620000	190.000000

遗传算法2
0.620000	0.620000	105.000000

遗传算法2
0.620000	0.620000	103.000000

TEvsOR    博弈:
0.202899	171.000000
0.362500	173.000000
0.492754	174.000000
0.449275	211.000000
0.362500	207.000000
0.550000	288.000000
0.516854	308.000000
0.310345	335.000000
0.333333	292.000000
0.426966	357.000000
0.449275	241.000000
0.370787	354.000000
0.444444	326.000000
0.707865	294.000000
0.444444	389.000000
0.606742	338.000000
0.550725	354.000000
0.606742	422.000000
0.606742	397.000000
0.550725	223.000000
0.662921	316.000000
0.797101	298.000000
0.606742	316.000000
0.382353	324.000000
0.476190	282.000000
0.471910	403.000000
0.434783	380.000000
0.404494	272.000000
0.629213	308.000000
0.325843	245.000000


Network Friendly Overlay Routing
0.202899	171.000000
0.362500	205.995556
0.297101	231.514286
0.220435	225.116381
0.261130	184.914654
0.225110	208.186490
0.258904	173.490818
0.200000	223.874563
0.203390	187.175166
0.231884	278.667566
0.240580	202.557274
0.231884	203.870987
0.231884	244.704582
0.208357	209.500214
0.270864	222.656467
0.271175	222.757140
0.300000	184.911141
0.283333	197.736674
0.302899	347.630818
0.256313	301.544524
0.274073	292.048324
0.284058	210.190317
0.296819	244.937103
0.266667	252.133742
0.275000	208.295406
0.300576	254.146189
0.288696	265.525135
0.323145	253.203294
0.284246	236.371312
0.266837	322.849050
0.269905	212.124957
0.259736	202.355419
0.256250	318.976216
0.275000	214.298268
0.249201	244.769169
0.275000	255.544692
0.329710	256.357452
0.346014	218.179257
0.310528	241.378292
0.353112	178.718160
0.345890	211.489792
0.346274	171.708413
0.380557	173.943837
0.362500	283.484218
0.357644	216.981522
0.309843	257.594303
0.266168	295.764558
0.262646	254.508130
0.265000	196.719231
0.287310	234.483151
0.373503	229.511880
0.335473	240.795575
0.293340	306.138915
0.325507	233.935777
0.369283	178.221191
0.362817	221.392866
0.359230	243.583646
0.384444	174.377072
0.381412	221.891045
0.365427	272.254226
0.327680	261.029666
0.309542	237.405369
0.268145	282.292909
0.275025	325.010485
0.265462	240.138942
0.312335	248.523375
0.294216	241.817412
0.288447	202.393262
0.283493	227.018464
0.339979	287.939658
0.316923	240.234436
0.324485	219.619748
0.253623	312.574633
0.237968	286.672147
0.271014	285.234287
0.254260	355.855339
0.253929	357.448018
0.270588	378.868655
0.240580	222.058498
0.232375	238.604210
0.244237	301.260918
0.255765	318.446649
0.298551	256.233477
0.247536	241.577600
0.240580	238.327384
0.249189	252.711682
0.231884	181.330647
0.263463	251.143429
0.325645	196.937971
0.355490	162.334229
0.383249	161.665350
0.344444	240.178551
0.344444	226.037700
0.357778	231.704944
0.344444	237.889096
0.336865	203.980649
0.375111	221.220555
0.378249	200.892908
0.361724	165.911000
0.381889	179.054300


TE dictator
0.202899	244.000000

Overlay dictator
103.000000	0.541176



遗传算法1
0.240000	0.240000	186.000000

遗传算法1
0.244444	0.244444	189.000000

遗传算法2
0.285714	0.285714	149.000000

遗传算法2
0.337500	0.338235	142.000000

TEvsOR    博弈:
0.194030	222.000000
0.608696	238.000000
0.455556	283.000000
0.376812	170.000000
0.362500	270.000000
0.555556	295.000000
0.528736	393.000000
0.577778	221.000000
0.595506	268.000000
0.666667	316.000000
0.437500	279.000000
0.808989	309.000000
0.840580	293.000000
0.318841	267.000000
0.512500	232.000000
0.528736	425.000000
0.528090	298.000000
0.652174	266.000000
0.528090	287.000000
0.584270	280.000000
0.840580	222.000000
0.376812	342.000000
0.595506	224.000000
0.400000	242.000000
0.652174	231.000000
0.744444	342.000000
0.730337	226.000000
0.608696	332.000000
0.730337	320.000000
0.382022	374.000000


Network Friendly Overlay Routing
0.194030	222.000000
0.608696	269.737175
0.234000	276.001172
0.242794	217.797007
0.311058	277.786288
0.288551	190.454720
0.270086	272.470280
0.245556	170.168017
0.235344	237.497918
0.250391	234.206910
0.258256	252.210747
0.250000	275.590477
0.260870	311.314645
0.317391	219.204214
0.282174	292.431898
0.297900	199.091127
0.354759	236.900573
0.295499	274.993777
0.271049	202.536563
0.305063	244.516100
0.267368	242.904460
0.278851	203.352643
0.333246	220.662886
0.320177	223.157365
0.303186	251.130768
0.281099	280.057155
0.252385	228.331903
0.270778	241.248388
0.304220	327.673769
0.327581	263.072313
0.245197	237.597536
0.261668	213.870016
0.301449	290.081034
0.248623	306.333798
0.246377	291.059021
0.266116	301.269363
0.261852	203.103564
0.246432	265.738444
0.244586	271.551309
0.280808	225.723106
0.257271	257.456674
0.327608	312.233749
0.225333	236.792151
0.265178	241.398016
0.246377	175.260213
0.233129	262.429348
0.256246	230.113848
0.242305	220.854508
0.248595	273.243492
0.323174	250.734884
0.326657	271.895314
0.366377	232.151650
0.352189	205.123839
0.422143	213.506711
0.400437	240.306906
0.287500	398.340576
0.351631	322.939873
0.236348	215.223751
0.270888	259.017670
0.226567	263.032025
0.288889	306.374909
0.346556	252.009269
0.282676	209.440518
0.300942	281.761468
0.268745	231.083751
0.255556	207.276272
0.255556	183.836476
0.273811	266.832886
0.255556	246.739234
0.268447	229.354103
0.271429	251.028727
0.323870	307.882058
0.306300	313.675080
0.234491	247.381683
0.248935	316.343553
0.316603	279.151909
0.295196	244.920888
0.264368	324.787362
0.261250	308.854887
0.239707	307.910805
0.297686	321.671766
0.301734	236.618278
0.324769	380.570759
0.402591	302.790783
0.378807	283.594008
0.304865	253.129215
0.275038	299.286587
0.253772	252.076068
0.289742	236.821823
0.282333	255.167608
0.262868	271.884201
0.288508	275.039731
0.288406	231.436672
0.271884	269.502382
0.243243	326.110363
0.252655	272.539468
0.276250	264.046814
0.285957	359.892610
0.360847	264.213967
0.276377	275.151226


TE dictator
0.194030	313.000000

Overlay dictator
103.000000	0.793103



遗传算法1
0.279412	0.279412	199.000000

遗传算法1
0.300000	0.246154	182.000000

遗传算法2
0.324324	0.324324	152.000000

遗传算法2
0.323529	0.323529	157.000000

TEvsOR    博弈:
0.200000	150.000000
0.269663	171.000000
0.220588	267.000000
0.507246	269.000000
0.449438	329.000000
0.350000	215.000000
0.739130	277.000000
0.370787	250.000000
0.387500	322.000000
0.322222	232.000000
0.475000	242.000000
0.382022	252.000000
0.511111	302.000000
0.516854	328.000000
0.333333	330.000000
0.314607	241.000000
0.584270	347.000000
0.492754	256.000000
0.475000	446.000000
0.471910	310.000000
0.437500	197.000000
0.434783	342.000000
0.539326	217.000000
0.913043	199.000000
0.438202	294.000000
0.471910	223.000000
0.303371	222.000000
0.471910	309.000000
0.288889	344.000000
0.269663	303.000000


Network Friendly Overlay Routing
0.200000	150.000000
0.269663	183.760000
0.215942	307.148333
0.215222	235.009000
0.226087	261.821167
0.200246	204.054284
0.209596	223.920584
0.205882	345.381700
0.200000	272.689506
0.200000	179.534961
0.208359	211.270687
0.194858	202.094419
0.201548	217.560812
0.233478	210.872763
0.223648	222.753737
0.217391	239.000000
0.217391	261.375597
0.221739	239.930904
0.241969	245.373611
0.236250	285.471192
0.213483	314.910974
0.228750	264.318765
0.220588	260.493905
0.226087	257.190340
0.221739	271.840506
0.227308	231.792025
0.244411	236.250354
0.259734	293.647040
0.265405	236.960955
0.250435	341.537299
0.220460	262.424045
0.213468	290.575996
0.263799	246.216849
0.214352	204.989776
0.222857	274.007973
0.200000	281.091346
0.221271	245.034277
0.213471	318.302222
0.205792	286.368835
0.249377	310.285610
0.200000	206.218770
0.202899	248.347301
0.236657	232.935609
0.280987	299.249021
0.333102	227.684005
0.294878	168.738916
0.300496	192.920539
0.328743	210.682484
0.290300	184.795416
0.283246	227.507180
0.337222	229.684608
0.275408	271.187821
0.314697	329.162729
0.348803	275.703605
0.281081	346.225515
0.303820	301.507600
0.295033	253.349090
0.349411	302.638528
0.310080	251.371452
0.256299	299.364021
0.287469	296.534668
0.257548	281.100292
0.283625	303.653339
0.258427	299.644794
0.258427	312.459428
0.273973	387.562013
0.237347	233.200491
0.227163	252.210894
0.232990	211.272285
0.246176	178.516511
0.275630	240.785388
0.266667	236.427807
0.220203	233.886280
0.210219	281.685816
0.200000	253.138955
0.204988	273.860606
0.214444	247.129228
0.212024	299.960015
0.210125	199.000650
0.230068	216.876291
0.235518	314.881786
0.237500	321.855788
0.226755	301.529634
0.281533	283.137823
0.250949	217.638641
0.251432	234.154054
0.235540	243.266694
0.200000	227.522417
0.203371	282.230656
0.202247	345.852252
0.212916	227.646578
0.216935	248.258197
0.253500	260.396783
0.224655	266.886552
0.216111	237.882580
0.233333	233.575541
0.233333	259.650198
0.206143	256.167035
0.200386	254.158491
0.209046	215.107051


TE dictator
0.200000	177.000000

Overlay dictator
103.000000	0.474576



遗传算法1
0.269663	0.269663	184.000000

遗传算法1
0.269663	0.269663	186.000000

遗传算法2
0.269663	0.269663	132.000000

遗传算法2
0.328571	0.280000	136.000000

