TEvsOR    ²©ÞÄ:
0.500000	7.149829
0.500000	8.445282
0.500000	7.149829
0.500000	8.445282
0.500000	7.149829
0.500000	8.445282
0.500000	7.149829
0.500000	8.445282
0.500000	7.149829
0.500000	8.445282
0.500000	7.149829
0.500000	8.445282
0.500000	7.149829
0.500000	8.445282
0.500000	7.149829
0.500000	8.445282
0.500000	7.149829
0.500000	8.445282
0.500000	7.149829
0.500000	8.445282
0.500000	7.149829
0.500000	8.445282
0.500000	7.149829
0.500000	8.445282
0.500000	7.149829
0.500000	8.445282
0.500000	7.149829
0.500000	8.445282
0.500000	7.149829
0.500000	8.445282
0.500000	7.149829
0.500000	8.445282
0.500000	7.149829
0.500000	8.445282
0.500000	7.149829
0.500000	8.445282
0.500000	7.149829
0.500000	8.445282
0.500000	7.149829
0.500000	8.445282
0.500000	7.149829
0.500000	8.445282
0.500000	7.149829
0.500000	8.445282
0.500000	7.149829
0.500000	8.445282
0.500000	7.149829
0.500000	8.445282
0.500000	7.149829
0.500000	8.445282
0.500000	7.149829
0.500000	8.445282
0.500000	7.149829
0.500000	8.445282
0.500000	7.149829
0.500000	8.445282
0.500000	7.149829
0.500000	8.445282
0.500000	7.149829
0.500000	8.445282
0.500000	7.149829
0.500000	8.445282
0.500000	7.149829
0.500000	8.445282
0.500000	7.149829
0.500000	8.445282
0.500000	7.149829
0.500000	8.445282
0.500000	7.149829
0.500000	8.445282
0.500000	7.149829
0.500000	8.445282
0.500000	7.149829
0.500000	8.445282
0.500000	7.149829
0.500000	8.445282
0.500000	7.149829
0.500000	8.445282
0.500000	7.149829
0.500000	8.445282
0.500000	7.149829
0.500000	8.445282
0.500000	7.149829
0.500000	8.445282
0.500000	7.149829
0.500000	8.445282
0.500000	7.149829
0.500000	8.445282
0.500000	7.149829
0.500000	8.445282
0.500000	7.149829
0.500000	8.445282
0.500000	7.149829
0.500000	8.445282
0.500000	7.149829
0.500000	8.445282
0.500000	7.149829
0.500000	8.445282
0.500000	7.149829
0.500000	8.445282


TEvsOR 2    ²©ÞÄ:
0.193333	2.645765
0.252941	3.059162
0.193333	2.645765
0.252941	3.059162
0.193333	2.645765
0.252941	3.059162
0.193333	2.645765
0.252941	3.059162
0.193333	2.645765
0.252941	3.059162
0.193333	2.645765
0.252941	3.059162
0.193333	2.645765
0.252941	3.059162
0.193333	2.645765
0.252941	3.059162
0.193333	2.645765
0.252941	3.059162
0.193333	2.645765
0.252941	3.059162
0.193333	2.645765
0.252941	3.059162
0.193333	2.645765
0.252941	3.059162
0.193333	2.645765
0.252941	3.059162
0.193333	2.645765
0.252941	3.059162
0.193333	2.645765
0.252941	3.059162
0.193333	2.645765
0.252941	3.059162
0.193333	2.645765
0.252941	3.059162
0.193333	2.645765
0.252941	3.059162
0.193333	2.645765
0.252941	3.059162
0.193333	2.645765
0.252941	3.059162
0.193333	2.645765
0.252941	3.059162
0.193333	2.645765
0.252941	3.059162
0.193333	2.645765
0.252941	3.059162
0.193333	2.645765
0.252941	3.059162
0.193333	2.645765
0.252941	3.059162
0.193333	2.645765
0.252941	3.059162
0.193333	2.645765
0.252941	3.059162
0.193333	2.645765
0.252941	3.059162
0.193333	2.645765
0.252941	3.059162
0.193333	2.645765
0.252941	3.059162
0.193333	2.645765
0.252941	3.059162
0.193333	2.645765
0.252941	3.059162
0.193333	2.645765
0.252941	3.059162
0.193333	2.645765
0.252941	3.059162
0.193333	2.645765
0.252941	3.059162
0.193333	2.645765
0.252941	3.059162
0.193333	2.645765
0.252941	3.059162
0.193333	2.645765
0.252941	3.059162
0.193333	2.645765
0.252941	3.059162
0.193333	2.645765
0.252941	3.059162
0.193333	2.645765
0.252941	3.059162
0.193333	2.645765
0.252941	3.059162
0.193333	2.645765
0.252941	3.059162
0.193333	2.645765
0.252941	3.059162
0.193333	2.645765
0.252941	3.059162
0.193333	2.645765
0.252941	3.059162
0.193333	2.645765
0.252941	3.059162
0.193333	2.645765
0.252941	3.059162
0.193333	2.645765
0.252941	3.059162
0.193333	2.645765
0.252941	3.059162


TEvsOR    ²©ÞÄ:
0.220000	1.880109
0.258824	2.218071
0.258824	2.283503
0.253333	2.488260
0.220000	1.880109
0.258824	2.218071
0.258824	2.283503
0.253333	2.488260
0.220000	1.880109
0.258824	2.218071
0.258824	2.283503
0.253333	2.488260
0.220000	1.880109
0.258824	2.218071
0.258824	2.283503
0.253333	2.488260
0.220000	1.880109
0.258824	2.218071
0.258824	2.283503
0.253333	2.488260
0.220000	1.880109
0.258824	2.218071
0.258824	2.283503
0.253333	2.488260
0.220000	1.880109
0.258824	2.218071
0.258824	2.283503
0.253333	2.488260
0.220000	1.880109
0.258824	2.218071
0.258824	2.283503
0.253333	2.488260
0.220000	1.880109
0.258824	2.218071
0.258824	2.283503
0.253333	2.488260
0.220000	1.880109
0.258824	2.218071
0.258824	2.283503
0.253333	2.488260
0.220000	1.880109
0.258824	2.218071
0.258824	2.283503
0.253333	2.488260
0.220000	1.880109
0.258824	2.218071
0.258824	2.283503
0.253333	2.488260
0.220000	1.880109
0.258824	2.218071
0.258824	2.283503
0.253333	2.488260
0.220000	1.880109
0.258824	2.218071
0.258824	2.283503
0.253333	2.488260
0.220000	1.880109
0.258824	2.218071
0.258824	2.283503
0.253333	2.488260
0.220000	1.880109
0.258824	2.218071
0.258824	2.283503
0.253333	2.488260
0.220000	1.880109
0.258824	2.218071
0.258824	2.283503
0.253333	2.488260
0.220000	1.880109
0.258824	2.218071
0.258824	2.283503
0.253333	2.488260
0.220000	1.880109
0.258824	2.218071
0.258824	2.283503
0.253333	2.488260
0.220000	1.880109
0.258824	2.218071
0.258824	2.283503
0.253333	2.488260
0.220000	1.880109
0.258824	2.218071
0.258824	2.283503
0.253333	2.488260
0.220000	1.880109
0.258824	2.218071
0.258824	2.283503
0.253333	2.488260
0.220000	1.880109
0.258824	2.218071
0.258824	2.283503
0.253333	2.488260
0.220000	1.880109
0.258824	2.218071
0.258824	2.283503
0.253333	2.488260
0.220000	1.880109
0.258824	2.218071
0.258824	2.283503
0.253333	2.488260


TEvsOR 2    ²©ÞÄ:
0.133333	1.067004
0.133333	1.192647
0.133333	1.284371
0.133333	1.067004
0.133333	1.192647
0.133333	1.284371
0.133333	1.067004
0.133333	1.192647
0.133333	1.284371
0.133333	1.067004
0.133333	1.192647
0.133333	1.284371
0.133333	1.067004
0.133333	1.192647
0.133333	1.284371
0.133333	1.067004
0.133333	1.192647
0.133333	1.284371
0.133333	1.067004
0.133333	1.192647
0.133333	1.284371
0.133333	1.067004
0.133333	1.192647
0.133333	1.284371
0.133333	1.067004
0.133333	1.192647
0.133333	1.284371
0.133333	1.067004
0.133333	1.192647
0.133333	1.284371
0.133333	1.067004
0.133333	1.192647
0.133333	1.284371
0.133333	1.067004
0.133333	1.192647
0.133333	1.284371
0.133333	1.067004
0.133333	1.192647
0.133333	1.284371
0.133333	1.067004
0.133333	1.192647
0.133333	1.284371
0.133333	1.067004
0.133333	1.192647
0.133333	1.284371
0.133333	1.067004
0.133333	1.192647
0.133333	1.284371
0.133333	1.067004
0.133333	1.192647
0.133333	1.284371
0.133333	1.067004
0.133333	1.192647
0.133333	1.284371
0.133333	1.067004
0.133333	1.192647
0.133333	1.284371
0.133333	1.067004
0.133333	1.192647
0.133333	1.284371
0.133333	1.067004
0.133333	1.192647
0.133333	1.284371
0.133333	1.067004
0.133333	1.192647
0.133333	1.284371
0.133333	1.067004
0.133333	1.192647
0.133333	1.284371
0.133333	1.067004
0.133333	1.192647
0.133333	1.284371
0.133333	1.067004
0.133333	1.192647
0.133333	1.284371
0.133333	1.067004
0.133333	1.192647
0.133333	1.284371
0.133333	1.067004
0.133333	1.192647
0.133333	1.284371
0.133333	1.067004
0.133333	1.192647
0.133333	1.284371
0.133333	1.067004
0.133333	1.192647
0.133333	1.284371
0.133333	1.067004
0.133333	1.192647
0.133333	1.284371
0.133333	1.067004
0.133333	1.192647
0.133333	1.284371
0.133333	1.067004
0.133333	1.192647
0.133333	1.284371
0.133333	1.067004
0.133333	1.192647
0.133333	1.284371
0.133333	1.067004


TEvsOR    ²©ÞÄ:
0.125926	1.579168
0.166667	2.189575
0.155556	1.805859
0.166667	2.141412
0.166667	1.936594
0.166667	2.347440
0.155556	2.137511
0.126394	1.522882
0.166667	2.046837
0.126394	1.774898
0.126394	1.522882
0.166667	2.046837
0.126394	1.774898
0.126394	1.522882
0.166667	2.046837
0.126394	1.774898
0.126394	1.522882
0.166667	2.046837
0.126394	1.774898
0.126394	1.522882
0.166667	2.046837
0.126394	1.774898
0.126394	1.522882
0.166667	2.046837
0.126394	1.774898
0.126394	1.522882
0.166667	2.046837
0.126394	1.774898
0.126394	1.522882
0.166667	2.046837
0.126394	1.774898
0.126394	1.522882
0.166667	2.046837
0.126394	1.774898
0.126394	1.522882
0.166667	2.046837
0.126394	1.774898
0.126394	1.522882
0.166667	2.046837
0.126394	1.774898
0.126394	1.522882
0.166667	2.046837
0.126394	1.774898
0.126394	1.522882
0.166667	2.046837
0.126394	1.774898
0.126394	1.522882
0.166667	2.046837
0.126394	1.774898
0.126394	1.522882
0.166667	2.046837
0.126394	1.774898
0.126394	1.522882
0.166667	2.046837
0.126394	1.774898
0.126394	1.522882
0.166667	2.046837
0.126394	1.774898
0.126394	1.522882
0.166667	2.046837
0.126394	1.774898
0.126394	1.522882
0.166667	2.046837
0.126394	1.774898
0.126394	1.522882
0.166667	2.046837
0.126394	1.774898
0.126394	1.522882
0.166667	2.046837
0.126394	1.774898
0.126394	1.522882
0.166667	2.046837
0.126394	1.774898
0.126394	1.522882
0.166667	2.046837
0.126394	1.774898
0.126394	1.522882
0.166667	2.046837
0.126394	1.774898
0.126394	1.522882
0.166667	2.046837
0.126394	1.774898
0.126394	1.522882
0.166667	2.046837
0.126394	1.774898
0.126394	1.522882
0.166667	2.046837
0.126394	1.774898
0.126394	1.522882
0.166667	2.046837
0.126394	1.774898
0.126394	1.522882
0.166667	2.046837
0.126394	1.774898
0.126394	1.522882
0.166667	2.046837
0.126394	1.774898
0.126394	1.522882
0.166667	2.046837
0.126394	1.774898


TEvsOR 2    ²©ÞÄ:
0.091892	1.149518
0.097143	1.460840
0.091892	1.149518
0.097143	1.460840
0.091892	1.149518
0.097143	1.460840
0.091892	1.149518
0.097143	1.460840
0.091892	1.149518
0.097143	1.460840
0.091892	1.149518
0.097143	1.460840
0.091892	1.149518
0.097143	1.460840
0.091892	1.149518
0.097143	1.460840
0.091892	1.149518
0.097143	1.460840
0.091892	1.149518
0.097143	1.460840
0.091892	1.149518
0.097143	1.460840
0.091892	1.149518
0.097143	1.460840
0.091892	1.149518
0.097143	1.460840
0.091892	1.149518
0.097143	1.460840
0.091892	1.149518
0.097143	1.460840
0.091892	1.149518
0.097143	1.460840
0.091892	1.149518
0.097143	1.460840
0.091892	1.149518
0.097143	1.460840
0.091892	1.149518
0.097143	1.460840
0.091892	1.149518
0.097143	1.460840
0.091892	1.149518
0.097143	1.460840
0.091892	1.149518
0.097143	1.460840
0.091892	1.149518
0.097143	1.460840
0.091892	1.149518
0.097143	1.460840
0.091892	1.149518
0.097143	1.460840
0.091892	1.149518
0.097143	1.460840
0.091892	1.149518
0.097143	1.460840
0.091892	1.149518
0.097143	1.460840
0.091892	1.149518
0.097143	1.460840
0.091892	1.149518
0.097143	1.460840
0.091892	1.149518
0.097143	1.460840
0.091892	1.149518
0.097143	1.460840
0.091892	1.149518
0.097143	1.460840
0.091892	1.149518
0.097143	1.460840
0.091892	1.149518
0.097143	1.460840
0.091892	1.149518
0.097143	1.460840
0.091892	1.149518
0.097143	1.460840
0.091892	1.149518
0.097143	1.460840
0.091892	1.149518
0.097143	1.460840
0.091892	1.149518
0.097143	1.460840
0.091892	1.149518
0.097143	1.460840
0.091892	1.149518
0.097143	1.460840
0.091892	1.149518
0.097143	1.460840
0.091892	1.149518
0.097143	1.460840
0.091892	1.149518
0.097143	1.460840
0.091892	1.149518
0.097143	1.460840
0.091892	1.149518
0.097143	1.460840
0.091892	1.149518
0.097143	1.460840
0.091892	1.149518
0.097143	1.460840
0.091892	1.149518
0.097143	1.460840


TEvsOR    ²©ÞÄ:
0.088571	0.756822
0.089189	0.695698
0.088571	0.788203
0.088571	0.788203
0.088571	0.788203
0.088571	0.788203
0.088571	0.788203
0.088571	0.788203
0.088571	0.788203
0.088571	0.788203
0.088571	0.788203
0.088571	0.788203
0.088571	0.788203
0.088571	0.788203
0.088571	0.788203
0.088571	0.788203
0.088571	0.788203
0.088571	0.788203
0.088571	0.788203
0.088571	0.788203
0.088571	0.788203
0.088571	0.788203
0.088571	0.788203
0.088571	0.788203
0.088571	0.788203
0.088571	0.788203
0.088571	0.788203
0.088571	0.788203
0.088571	0.788203
0.088571	0.788203
0.088571	0.788203
0.088571	0.788203
0.088571	0.788203
0.088571	0.788203
0.088571	0.788203
0.088571	0.788203
0.088571	0.788203
0.088571	0.788203
0.088571	0.788203
0.088571	0.788203
0.088571	0.788203
0.088571	0.788203
0.088571	0.788203
0.088571	0.788203
0.088571	0.788203
0.088571	0.788203
0.088571	0.788203
0.088571	0.788203
0.088571	0.788203
0.088571	0.788203
0.088571	0.788203
0.088571	0.788203
0.088571	0.788203
0.088571	0.788203
0.088571	0.788203
0.088571	0.788203
0.088571	0.788203
0.088571	0.788203
0.088571	0.788203
0.088571	0.788203
0.088571	0.788203
0.088571	0.788203
0.088571	0.788203
0.088571	0.788203
0.088571	0.788203
0.088571	0.788203
0.088571	0.788203
0.088571	0.788203
0.088571	0.788203
0.088571	0.788203
0.088571	0.788203
0.088571	0.788203
0.088571	0.788203
0.088571	0.788203
0.088571	0.788203
0.088571	0.788203
0.088571	0.788203
0.088571	0.788203
0.088571	0.788203
0.088571	0.788203
0.088571	0.788203
0.088571	0.788203
0.088571	0.788203
0.088571	0.788203
0.088571	0.788203
0.088571	0.788203
0.088571	0.788203
0.088571	0.788203
0.088571	0.788203
0.088571	0.788203
0.088571	0.788203
0.088571	0.788203
0.088571	0.788203
0.088571	0.788203
0.088571	0.788203
0.088571	0.788203
0.088571	0.788203
0.088571	0.788203
0.088571	0.788203
0.088571	0.788203


TEvsOR 2    ²©ÞÄ:
0.068889	0.557041
0.068889	0.587312
0.068889	0.587312
0.068889	0.587312
0.068889	0.587312
0.068889	0.587312
0.068889	0.587312
0.068889	0.587312
0.068889	0.587312
0.068889	0.587312
0.068889	0.587312
0.068889	0.587312
0.068889	0.587312
0.068889	0.587312
0.068889	0.587312
0.068889	0.587312
0.068889	0.587312
0.068889	0.587312
0.068889	0.587312
0.068889	0.587312
0.068889	0.587312
0.068889	0.587312
0.068889	0.587312
0.068889	0.587312
0.068889	0.587312
0.068889	0.587312
0.068889	0.587312
0.068889	0.587312
0.068889	0.587312
0.068889	0.587312
0.068889	0.587312
0.068889	0.587312
0.068889	0.587312
0.068889	0.587312
0.068889	0.587312
0.068889	0.587312
0.068889	0.587312
0.068889	0.587312
0.068889	0.587312
0.068889	0.587312
0.068889	0.587312
0.068889	0.587312
0.068889	0.587312
0.068889	0.587312
0.068889	0.587312
0.068889	0.587312
0.068889	0.587312
0.068889	0.587312
0.068889	0.587312
0.068889	0.587312
0.068889	0.587312
0.068889	0.587312
0.068889	0.587312
0.068889	0.587312
0.068889	0.587312
0.068889	0.587312
0.068889	0.587312
0.068889	0.587312
0.068889	0.587312
0.068889	0.587312
0.068889	0.587312
0.068889	0.587312
0.068889	0.587312
0.068889	0.587312
0.068889	0.587312
0.068889	0.587312
0.068889	0.587312
0.068889	0.587312
0.068889	0.587312
0.068889	0.587312
0.068889	0.587312
0.068889	0.587312
0.068889	0.587312
0.068889	0.587312
0.068889	0.587312
0.068889	0.587312
0.068889	0.587312
0.068889	0.587312
0.068889	0.587312
0.068889	0.587312
0.068889	0.587312
0.068889	0.587312
0.068889	0.587312
0.068889	0.587312
0.068889	0.587312
0.068889	0.587312
0.068889	0.587312
0.068889	0.587312
0.068889	0.587312
0.068889	0.587312
0.068889	0.587312
0.068889	0.587312
0.068889	0.587312
0.068889	0.587312
0.068889	0.587312
0.068889	0.587312
0.068889	0.587312
0.068889	0.587312
0.068889	0.587312
0.068889	0.587312


TEvsOR    ²©ÞÄ:
0.059305	0.664211
0.076596	0.734433
0.065440	0.604601
0.068465	0.755446
0.060000	0.827597
0.068465	0.788462
0.059305	0.693512
0.068465	0.826837
0.059305	0.693512
0.068465	0.826837
0.059305	0.693512
0.068465	0.826837
0.059305	0.693512
0.068465	0.826837
0.059305	0.693512
0.068465	0.826837
0.059305	0.693512
0.068465	0.826837
0.059305	0.693512
0.068465	0.826837
0.059305	0.693512
0.068465	0.826837
0.059305	0.693512
0.068465	0.826837
0.059305	0.693512
0.068465	0.826837
0.059305	0.693512
0.068465	0.826837
0.059305	0.693512
0.068465	0.826837
0.059305	0.693512
0.068465	0.826837
0.059305	0.693512
0.068465	0.826837
0.059305	0.693512
0.068465	0.826837
0.059305	0.693512
0.068465	0.826837
0.059305	0.693512
0.068465	0.826837
0.059305	0.693512
0.068465	0.826837
0.059305	0.693512
0.068465	0.826837
0.059305	0.693512
0.068465	0.826837
0.059305	0.693512
0.068465	0.826837
0.059305	0.693512
0.068465	0.826837
0.059305	0.693512
0.068465	0.826837
0.059305	0.693512
0.068465	0.826837
0.059305	0.693512
0.068465	0.826837
0.059305	0.693512
0.068465	0.826837
0.059305	0.693512
0.068465	0.826837
0.059305	0.693512
0.068465	0.826837
0.059305	0.693512
0.068465	0.826837
0.059305	0.693512
0.068465	0.826837
0.059305	0.693512
0.068465	0.826837
0.059305	0.693512
0.068465	0.826837
0.059305	0.693512
0.068465	0.826837
0.059305	0.693512
0.068465	0.826837
0.059305	0.693512
0.068465	0.826837
0.059305	0.693512
0.068465	0.826837
0.059305	0.693512
0.068465	0.826837
0.059305	0.693512
0.068465	0.826837
0.059305	0.693512
0.068465	0.826837
0.059305	0.693512
0.068465	0.826837
0.059305	0.693512
0.068465	0.826837
0.059305	0.693512
0.068465	0.826837
0.059305	0.693512
0.068465	0.826837
0.059305	0.693512
0.068465	0.826837
0.059305	0.693512
0.068465	0.826837
0.059305	0.693512
0.068465	0.826837
0.059305	0.693512
0.068465	0.826837


TEvsOR 2    ²©ÞÄ:
0.049236	0.500641
0.054983	0.624765
0.054329	0.740894
0.057895	0.759148
0.049236	0.500641
0.054983	0.624765
0.054329	0.740894
0.057895	0.759148
0.049236	0.500641
0.054983	0.624765
0.054329	0.740894
0.057895	0.759148
0.049236	0.500641
0.054983	0.624765
0.054329	0.740894
0.057895	0.759148
0.049236	0.500641
0.054983	0.624765
0.054329	0.740894
0.057895	0.759148
0.049236	0.500641
0.054983	0.624765
0.054329	0.740894
0.057895	0.759148
0.049236	0.500641
0.054983	0.624765
0.054329	0.740894
0.057895	0.759148
0.049236	0.500641
0.054983	0.624765
0.054329	0.740894
0.057895	0.759148
0.049236	0.500641
0.054983	0.624765
0.054329	0.740894
0.057895	0.759148
0.049236	0.500641
0.054983	0.624765
0.054329	0.740894
0.057895	0.759148
0.049236	0.500641
0.054983	0.624765
0.054329	0.740894
0.057895	0.759148
0.049236	0.500641
0.054983	0.624765
0.054329	0.740894
0.057895	0.759148
0.049236	0.500641
0.054983	0.624765
0.054329	0.740894
0.057895	0.759148
0.049236	0.500641
0.054983	0.624765
0.054329	0.740894
0.057895	0.759148
0.049236	0.500641
0.054983	0.624765
0.054329	0.740894
0.057895	0.759148
0.049236	0.500641
0.054983	0.624765
0.054329	0.740894
0.057895	0.759148
0.049236	0.500641
0.054983	0.624765
0.054329	0.740894
0.057895	0.759148
0.049236	0.500641
0.054983	0.624765
0.054329	0.740894
0.057895	0.759148
0.049236	0.500641
0.054983	0.624765
0.054329	0.740894
0.057895	0.759148
0.049236	0.500641
0.054983	0.624765
0.054329	0.740894
0.057895	0.759148
0.049236	0.500641
0.054983	0.624765
0.054329	0.740894
0.057895	0.759148
0.049236	0.500641
0.054983	0.624765
0.054329	0.740894
0.057895	0.759148
0.049236	0.500641
0.054983	0.624765
0.054329	0.740894
0.057895	0.759148
0.049236	0.500641
0.054983	0.624765
0.054329	0.740894
0.057895	0.759148
0.049236	0.500641
0.054983	0.624765
0.054329	0.740894
0.057895	0.759148


TEvsOR    ²©ÞÄ:
0.049123	0.641113
0.050877	0.523067
0.049209	0.641046
0.049123	0.484565
0.049658	0.539854
0.049658	0.539854
0.049658	0.539854
0.049658	0.539854
0.049658	0.539854
0.049658	0.539854
0.049658	0.539854
0.049658	0.539854
0.049658	0.539854
0.049658	0.539854
0.049658	0.539854
0.049658	0.539854
0.049658	0.539854
0.049658	0.539854
0.049658	0.539854
0.049658	0.539854
0.049658	0.539854
0.049658	0.539854
0.049658	0.539854
0.049658	0.539854
0.049658	0.539854
0.049658	0.539854
0.049658	0.539854
0.049658	0.539854
0.049658	0.539854
0.049658	0.539854
0.049658	0.539854
0.049658	0.539854
0.049658	0.539854
0.049658	0.539854
0.049658	0.539854
0.049658	0.539854
0.049658	0.539854
0.049658	0.539854
0.049658	0.539854
0.049658	0.539854
0.049658	0.539854
0.049658	0.539854
0.049658	0.539854
0.049658	0.539854
0.049658	0.539854
0.049658	0.539854
0.049658	0.539854
0.049658	0.539854
0.049658	0.539854
0.049658	0.539854
0.049658	0.539854
0.049658	0.539854
0.049658	0.539854
0.049658	0.539854
0.049658	0.539854
0.049658	0.539854
0.049658	0.539854
0.049658	0.539854
0.049658	0.539854
0.049658	0.539854
0.049658	0.539854
0.049658	0.539854
0.049658	0.539854
0.049658	0.539854
0.049658	0.539854
0.049658	0.539854
0.049658	0.539854
0.049658	0.539854
0.049658	0.539854
0.049658	0.539854
0.049658	0.539854
0.049658	0.539854
0.049658	0.539854
0.049658	0.539854
0.049658	0.539854
0.049658	0.539854
0.049658	0.539854
0.049658	0.539854
0.049658	0.539854
0.049658	0.539854
0.049658	0.539854
0.049658	0.539854
0.049658	0.539854
0.049658	0.539854
0.049658	0.539854
0.049658	0.539854
0.049658	0.539854
0.049658	0.539854
0.049658	0.539854
0.049658	0.539854
0.049658	0.539854
0.049658	0.539854
0.049658	0.539854
0.049658	0.539854
0.049658	0.539854
0.049658	0.539854
0.049658	0.539854
0.049658	0.539854
0.049658	0.539854
0.049658	0.539854


TEvsOR 2    ²©ÞÄ:
0.041791	0.385883
0.042398	0.499239
0.042398	0.499239
0.042398	0.499239
0.042398	0.499239
0.042398	0.499239
0.042398	0.499239
0.042398	0.499239
0.042398	0.499239
0.042398	0.499239
0.042398	0.499239
0.042398	0.499239
0.042398	0.499239
0.042398	0.499239
0.042398	0.499239
0.042398	0.499239
0.042398	0.499239
0.042398	0.499239
0.042398	0.499239
0.042398	0.499239
0.042398	0.499239
0.042398	0.499239
0.042398	0.499239
0.042398	0.499239
0.042398	0.499239
0.042398	0.499239
0.042398	0.499239
0.042398	0.499239
0.042398	0.499239
0.042398	0.499239
0.042398	0.499239
0.042398	0.499239
0.042398	0.499239
0.042398	0.499239
0.042398	0.499239
0.042398	0.499239
0.042398	0.499239
0.042398	0.499239
0.042398	0.499239
0.042398	0.499239
0.042398	0.499239
0.042398	0.499239
0.042398	0.499239
0.042398	0.499239
0.042398	0.499239
0.042398	0.499239
0.042398	0.499239
0.042398	0.499239
0.042398	0.499239
0.042398	0.499239
0.042398	0.499239
0.042398	0.499239
0.042398	0.499239
0.042398	0.499239
0.042398	0.499239
0.042398	0.499239
0.042398	0.499239
0.042398	0.499239
0.042398	0.499239
0.042398	0.499239
0.042398	0.499239
0.042398	0.499239
0.042398	0.499239
0.042398	0.499239
0.042398	0.499239
0.042398	0.499239
0.042398	0.499239
0.042398	0.499239
0.042398	0.499239
0.042398	0.499239
0.042398	0.499239
0.042398	0.499239
0.042398	0.499239
0.042398	0.499239
0.042398	0.499239
0.042398	0.499239
0.042398	0.499239
0.042398	0.499239
0.042398	0.499239
0.042398	0.499239
0.042398	0.499239
0.042398	0.499239
0.042398	0.499239
0.042398	0.499239
0.042398	0.499239
0.042398	0.499239
0.042398	0.499239
0.042398	0.499239
0.042398	0.499239
0.042398	0.499239
0.042398	0.499239
0.042398	0.499239
0.042398	0.499239
0.042398	0.499239
0.042398	0.499239
0.042398	0.499239
0.042398	0.499239
0.042398	0.499239
0.042398	0.499239
0.042398	0.499239


TEvsOR    ²©ÞÄ:
0.046784	0.429159
0.049853	0.536709
0.050746	0.454602
0.071848	0.775492
0.046784	0.443308
0.046784	0.411774
0.046784	0.411774
0.046784	0.411774
0.046784	0.411774
0.046784	0.411774
0.046784	0.411774
0.046784	0.411774
0.046784	0.411774
0.046784	0.411774
0.046784	0.411774
0.046784	0.411774
0.046784	0.411774
0.046784	0.411774
0.046784	0.411774
0.046784	0.411774
0.046784	0.411774
0.046784	0.411774
0.046784	0.411774
0.046784	0.411774
0.046784	0.411774
0.046784	0.411774
0.046784	0.411774
0.046784	0.411774
0.046784	0.411774
0.046784	0.411774
0.046784	0.411774
0.046784	0.411774
0.046784	0.411774
0.046784	0.411774
0.046784	0.411774
0.046784	0.411774
0.046784	0.411774
0.046784	0.411774
0.046784	0.411774
0.046784	0.411774
0.046784	0.411774
0.046784	0.411774
0.046784	0.411774
0.046784	0.411774
0.046784	0.411774
0.046784	0.411774
0.046784	0.411774
0.046784	0.411774
0.046784	0.411774
0.046784	0.411774
0.046784	0.411774
0.046784	0.411774
0.046784	0.411774
0.046784	0.411774
0.046784	0.411774
0.046784	0.411774
0.046784	0.411774
0.046784	0.411774
0.046784	0.411774
0.046784	0.411774
0.046784	0.411774
0.046784	0.411774
0.046784	0.411774
0.046784	0.411774
0.046784	0.411774
0.046784	0.411774
0.046784	0.411774
0.046784	0.411774
0.046784	0.411774
0.046784	0.411774
0.046784	0.411774
0.046784	0.411774
0.046784	0.411774
0.046784	0.411774
0.046784	0.411774
0.046784	0.411774
0.046784	0.411774
0.046784	0.411774
0.046784	0.411774
0.046784	0.411774
0.046784	0.411774
0.046784	0.411774
0.046784	0.411774
0.046784	0.411774
0.046784	0.411774
0.046784	0.411774
0.046784	0.411774
0.046784	0.411774
0.046784	0.411774
0.046784	0.411774
0.046784	0.411774
0.046784	0.411774
0.046784	0.411774
0.046784	0.411774
0.046784	0.411774
0.046784	0.411774
0.046784	0.411774
0.046784	0.411774
0.046784	0.411774
0.046784	0.411774


TEvsOR 2    ²©ÞÄ:
0.040816	0.400933
0.040816	0.400933
0.040816	0.400933
0.040816	0.400933
0.040816	0.400933
0.040816	0.400933
0.040816	0.400933
0.040816	0.400933
0.040816	0.400933
0.040816	0.400933
0.040816	0.400933
0.040816	0.400933
0.040816	0.400933
0.040816	0.400933
0.040816	0.400933
0.040816	0.400933
0.040816	0.400933
0.040816	0.400933
0.040816	0.400933
0.040816	0.400933
0.040816	0.400933
0.040816	0.400933
0.040816	0.400933
0.040816	0.400933
0.040816	0.400933
0.040816	0.400933
0.040816	0.400933
0.040816	0.400933
0.040816	0.400933
0.040816	0.400933
0.040816	0.400933
0.040816	0.400933
0.040816	0.400933
0.040816	0.400933
0.040816	0.400933
0.040816	0.400933
0.040816	0.400933
0.040816	0.400933
0.040816	0.400933
0.040816	0.400933
0.040816	0.400933
0.040816	0.400933
0.040816	0.400933
0.040816	0.400933
0.040816	0.400933
0.040816	0.400933
0.040816	0.400933
0.040816	0.400933
0.040816	0.400933
0.040816	0.400933
0.040816	0.400933
0.040816	0.400933
0.040816	0.400933
0.040816	0.400933
0.040816	0.400933
0.040816	0.400933
0.040816	0.400933
0.040816	0.400933
0.040816	0.400933
0.040816	0.400933
0.040816	0.400933
0.040816	0.400933
0.040816	0.400933
0.040816	0.400933
0.040816	0.400933
0.040816	0.400933
0.040816	0.400933
0.040816	0.400933
0.040816	0.400933
0.040816	0.400933
0.040816	0.400933
0.040816	0.400933
0.040816	0.400933
0.040816	0.400933
0.040816	0.400933
0.040816	0.400933
0.040816	0.400933
0.040816	0.400933
0.040816	0.400933
0.040816	0.400933
0.040816	0.400933
0.040816	0.400933
0.040816	0.400933
0.040816	0.400933
0.040816	0.400933
0.040816	0.400933
0.040816	0.400933
0.040816	0.400933
0.040816	0.400933
0.040816	0.400933
0.040816	0.400933
0.040816	0.400933
0.040816	0.400933
0.040816	0.400933
0.040816	0.400933
0.040816	0.400933
0.040816	0.400933
0.040816	0.400933
0.040816	0.400933
0.040816	0.400933


TEvsOR    ²©ÞÄ:
0.035488	0.450261
0.044213	0.351542
0.044213	0.513894
0.035488	0.450261
0.044213	0.351542
0.044213	0.513894
0.035488	0.450261
0.044213	0.351542
0.044213	0.513894
0.035488	0.450261
0.044213	0.351542
0.044213	0.513894
0.035488	0.450261
0.044213	0.351542
0.044213	0.513894
0.035488	0.450261
0.044213	0.351542
0.044213	0.513894
0.035488	0.450261
0.044213	0.351542
0.044213	0.513894
0.035488	0.450261
0.044213	0.351542
0.044213	0.513894
0.035488	0.450261
0.044213	0.351542
0.044213	0.513894
0.035488	0.450261
0.044213	0.351542
0.044213	0.513894
0.035488	0.450261
0.044213	0.351542
0.044213	0.513894
0.035488	0.450261
0.044213	0.351542
0.044213	0.513894
0.035488	0.450261
0.044213	0.351542
0.044213	0.513894
0.035488	0.450261
0.044213	0.351542
0.044213	0.513894
0.035488	0.450261
0.044213	0.351542
0.044213	0.513894
0.035488	0.450261
0.044213	0.351542
0.044213	0.513894
0.035488	0.450261
0.044213	0.351542
0.044213	0.513894
0.035488	0.450261
0.044213	0.351542
0.044213	0.513894
0.035488	0.450261
0.044213	0.351542
0.044213	0.513894
0.035488	0.450261
0.044213	0.351542
0.044213	0.513894
0.035488	0.450261
0.044213	0.351542
0.044213	0.513894
0.035488	0.450261
0.044213	0.351542
0.044213	0.513894
0.035488	0.450261
0.044213	0.351542
0.044213	0.513894
0.035488	0.450261
0.044213	0.351542
0.044213	0.513894
0.035488	0.450261
0.044213	0.351542
0.044213	0.513894
0.035488	0.450261
0.044213	0.351542
0.044213	0.513894
0.035488	0.450261
0.044213	0.351542
0.044213	0.513894
0.035488	0.450261
0.044213	0.351542
0.044213	0.513894
0.035488	0.450261
0.044213	0.351542
0.044213	0.513894
0.035488	0.450261
0.044213	0.351542
0.044213	0.513894
0.035488	0.450261
0.044213	0.351542
0.044213	0.513894
0.035488	0.450261
0.044213	0.351542
0.044213	0.513894
0.035488	0.450261
0.044213	0.351542
0.044213	0.513894
0.035488	0.450261


TEvsOR 2    ²©ÞÄ:
0.031496	0.368105
0.031496	0.368105
0.031496	0.368105
0.031496	0.368105
0.031496	0.368105
0.031496	0.368105
0.031496	0.368105
0.031496	0.368105
0.031496	0.368105
0.031496	0.368105
0.031496	0.368105
0.031496	0.368105
0.031496	0.368105
0.031496	0.368105
0.031496	0.368105
0.031496	0.368105
0.031496	0.368105
0.031496	0.368105
0.031496	0.368105
0.031496	0.368105
0.031496	0.368105
0.031496	0.368105
0.031496	0.368105
0.031496	0.368105
0.031496	0.368105
0.031496	0.368105
0.031496	0.368105
0.031496	0.368105
0.031496	0.368105
0.031496	0.368105
0.031496	0.368105
0.031496	0.368105
0.031496	0.368105
0.031496	0.368105
0.031496	0.368105
0.031496	0.368105
0.031496	0.368105
0.031496	0.368105
0.031496	0.368105
0.031496	0.368105
0.031496	0.368105
0.031496	0.368105
0.031496	0.368105
0.031496	0.368105
0.031496	0.368105
0.031496	0.368105
0.031496	0.368105
0.031496	0.368105
0.031496	0.368105
0.031496	0.368105
0.031496	0.368105
0.031496	0.368105
0.031496	0.368105
0.031496	0.368105
0.031496	0.368105
0.031496	0.368105
0.031496	0.368105
0.031496	0.368105
0.031496	0.368105
0.031496	0.368105
0.031496	0.368105
0.031496	0.368105
0.031496	0.368105
0.031496	0.368105
0.031496	0.368105
0.031496	0.368105
0.031496	0.368105
0.031496	0.368105
0.031496	0.368105
0.031496	0.368105
0.031496	0.368105
0.031496	0.368105
0.031496	0.368105
0.031496	0.368105
0.031496	0.368105
0.031496	0.368105
0.031496	0.368105
0.031496	0.368105
0.031496	0.368105
0.031496	0.368105
0.031496	0.368105
0.031496	0.368105
0.031496	0.368105
0.031496	0.368105
0.031496	0.368105
0.031496	0.368105
0.031496	0.368105
0.031496	0.368105
0.031496	0.368105
0.031496	0.368105
0.031496	0.368105
0.031496	0.368105
0.031496	0.368105
0.031496	0.368105
0.031496	0.368105
0.031496	0.368105
0.031496	0.368105
0.031496	0.368105
0.031496	0.368105
0.031496	0.368105


TEvsOR    ²©ÞÄ:
0.028736	0.319810
0.028736	0.319810
0.028736	0.319810
0.028736	0.319810
0.028736	0.319810
0.028736	0.319810
0.028736	0.319810
0.028736	0.319810
0.028736	0.319810
0.028736	0.319810
0.028736	0.319810
0.028736	0.319810
0.028736	0.319810
0.028736	0.319810
0.028736	0.319810
0.028736	0.319810
0.028736	0.319810
0.028736	0.319810
0.028736	0.319810
0.028736	0.319810
0.028736	0.319810
0.028736	0.319810
0.028736	0.319810
0.028736	0.319810
0.028736	0.319810
0.028736	0.319810
0.028736	0.319810
0.028736	0.319810
0.028736	0.319810
0.028736	0.319810
0.028736	0.319810
0.028736	0.319810
0.028736	0.319810
0.028736	0.319810
0.028736	0.319810
0.028736	0.319810
0.028736	0.319810
0.028736	0.319810
0.028736	0.319810
0.028736	0.319810
0.028736	0.319810
0.028736	0.319810
0.028736	0.319810
0.028736	0.319810
0.028736	0.319810
0.028736	0.319810
0.028736	0.319810
0.028736	0.319810
0.028736	0.319810
0.028736	0.319810
0.028736	0.319810
0.028736	0.319810
0.028736	0.319810
0.028736	0.319810
0.028736	0.319810
0.028736	0.319810
0.028736	0.319810
0.028736	0.319810
0.028736	0.319810
0.028736	0.319810
0.028736	0.319810
0.028736	0.319810
0.028736	0.319810
0.028736	0.319810
0.028736	0.319810
0.028736	0.319810
0.028736	0.319810
0.028736	0.319810
0.028736	0.319810
0.028736	0.319810
0.028736	0.319810
0.028736	0.319810
0.028736	0.319810
0.028736	0.319810
0.028736	0.319810
0.028736	0.319810
0.028736	0.319810
0.028736	0.319810
0.028736	0.319810
0.028736	0.319810
0.028736	0.319810
0.028736	0.319810
0.028736	0.319810
0.028736	0.319810
0.028736	0.319810
0.028736	0.319810
0.028736	0.319810
0.028736	0.319810
0.028736	0.319810
0.028736	0.319810
0.028736	0.319810
0.028736	0.319810
0.028736	0.319810
0.028736	0.319810
0.028736	0.319810
0.028736	0.319810
0.028736	0.319810
0.028736	0.319810
0.028736	0.319810
0.028736	0.319810


TEvsOR 2    ²©ÞÄ:
0.025773	0.323778
0.035052	0.334930
0.044376	0.283936
0.044376	0.283936
0.044376	0.283936
0.044376	0.283936
0.044376	0.283936
0.044376	0.283936
0.044376	0.283936
0.044376	0.283936
0.044376	0.283936
0.044376	0.283936
0.044376	0.283936
0.044376	0.283936
0.044376	0.283936
0.044376	0.283936
0.044376	0.283936
0.044376	0.283936
0.044376	0.283936
0.044376	0.283936
0.044376	0.283936
0.044376	0.283936
0.044376	0.283936
0.044376	0.283936
0.044376	0.283936
0.044376	0.283936
0.044376	0.283936
0.044376	0.283936
0.044376	0.283936
0.044376	0.283936
0.044376	0.283936
0.044376	0.283936
0.044376	0.283936
0.044376	0.283936
0.044376	0.283936
0.044376	0.283936
0.044376	0.283936
0.044376	0.283936
0.044376	0.283936
0.044376	0.283936
0.044376	0.283936
0.044376	0.283936
0.044376	0.283936
0.044376	0.283936
0.044376	0.283936
0.044376	0.283936
0.044376	0.283936
0.044376	0.283936
0.044376	0.283936
0.044376	0.283936
0.044376	0.283936
0.044376	0.283936
0.044376	0.283936
0.044376	0.283936
0.044376	0.283936
0.044376	0.283936
0.044376	0.283936
0.044376	0.283936
0.044376	0.283936
0.044376	0.283936
0.044376	0.283936
0.044376	0.283936
0.044376	0.283936
0.044376	0.283936
0.044376	0.283936
0.044376	0.283936
0.044376	0.283936
0.044376	0.283936
0.044376	0.283936
0.044376	0.283936
0.044376	0.283936
0.044376	0.283936
0.044376	0.283936
0.044376	0.283936
0.044376	0.283936
0.044376	0.283936
0.044376	0.283936
0.044376	0.283936
0.044376	0.283936
0.044376	0.283936
0.044376	0.283936
0.044376	0.283936
0.044376	0.283936
0.044376	0.283936
0.044376	0.283936
0.044376	0.283936
0.044376	0.283936
0.044376	0.283936
0.044376	0.283936
0.044376	0.283936
0.044376	0.283936
0.044376	0.283936
0.044376	0.283936
0.044376	0.283936
0.044376	0.283936
0.044376	0.283936
0.044376	0.283936
0.044376	0.283936
0.044376	0.283936
0.044376	0.283936


TEvsOR    ²©ÞÄ:
0.031345	0.375313
0.031345	0.474277
0.033708	0.371159
0.031959	0.404497
0.031959	0.404497
0.031959	0.404497
0.031959	0.404497
0.031959	0.404497
0.031959	0.404497
0.031959	0.404497
0.031959	0.404497
0.031959	0.404497
0.031959	0.404497
0.031959	0.404497
0.031959	0.404497
0.031959	0.404497
0.031959	0.404497
0.031959	0.404497
0.031959	0.404497
0.031959	0.404497
0.031959	0.404497
0.031959	0.404497
0.031959	0.404497
0.031959	0.404497
0.031959	0.404497
0.031959	0.404497
0.031959	0.404497
0.031959	0.404497
0.031959	0.404497
0.031959	0.404497
0.031959	0.404497
0.031959	0.404497
0.031959	0.404497
0.031959	0.404497
0.031959	0.404497
0.031959	0.404497
0.031959	0.404497
0.031959	0.404497
0.031959	0.404497
0.031959	0.404497
0.031959	0.404497
0.031959	0.404497
0.031959	0.404497
0.031959	0.404497
0.031959	0.404497
0.031959	0.404497
0.031959	0.404497
0.031959	0.404497
0.031959	0.404497
0.031959	0.404497
0.031959	0.404497
0.031959	0.404497
0.031959	0.404497
0.031959	0.404497
0.031959	0.404497
0.031959	0.404497
0.031959	0.404497
0.031959	0.404497
0.031959	0.404497
0.031959	0.404497
0.031959	0.404497
0.031959	0.404497
0.031959	0.404497
0.031959	0.404497
0.031959	0.404497
0.031959	0.404497
0.031959	0.404497
0.031959	0.404497
0.031959	0.404497
0.031959	0.404497
0.031959	0.404497
0.031959	0.404497
0.031959	0.404497
0.031959	0.404497
0.031959	0.404497
0.031959	0.404497
0.031959	0.404497
0.031959	0.404497
0.031959	0.404497
0.031959	0.404497
0.031959	0.404497
0.031959	0.404497
0.031959	0.404497
0.031959	0.404497
0.031959	0.404497
0.031959	0.404497
0.031959	0.404497
0.031959	0.404497
0.031959	0.404497
0.031959	0.404497
0.031959	0.404497
0.031959	0.404497
0.031959	0.404497
0.031959	0.404497
0.031959	0.404497
0.031959	0.404497
0.031959	0.404497
0.031959	0.404497
0.031959	0.404497
0.031959	0.404497


TEvsOR 2    ²©ÞÄ:
0.028466	0.345019
0.028972	0.282408
0.041590	0.465958
0.028466	0.345019
0.028972	0.282408
0.041590	0.465958
0.028466	0.345019
0.028972	0.282408
0.041590	0.465958
0.028466	0.345019
0.028972	0.282408
0.041590	0.465958
0.028466	0.345019
0.028972	0.282408
0.041590	0.465958
0.028466	0.345019
0.028972	0.282408
0.041590	0.465958
0.028466	0.345019
0.028972	0.282408
0.041590	0.465958
0.028466	0.345019
0.028972	0.282408
0.041590	0.465958
0.028466	0.345019
0.028972	0.282408
0.041590	0.465958
0.028466	0.345019
0.028972	0.282408
0.041590	0.465958
0.028466	0.345019
0.028972	0.282408
0.041590	0.465958
0.028466	0.345019
0.028972	0.282408
0.041590	0.465958
0.028466	0.345019
0.028972	0.282408
0.041590	0.465958
0.028466	0.345019
0.028972	0.282408
0.041590	0.465958
0.028466	0.345019
0.028972	0.282408
0.041590	0.465958
0.028466	0.345019
0.028972	0.282408
0.041590	0.465958
0.028466	0.345019
0.028972	0.282408
0.041590	0.465958
0.028466	0.345019
0.028972	0.282408
0.041590	0.465958
0.028466	0.345019
0.028972	0.282408
0.041590	0.465958
0.028466	0.345019
0.028972	0.282408
0.041590	0.465958
0.028466	0.345019
0.028972	0.282408
0.041590	0.465958
0.028466	0.345019
0.028972	0.282408
0.041590	0.465958
0.028466	0.345019
0.028972	0.282408
0.041590	0.465958
0.028466	0.345019
0.028972	0.282408
0.041590	0.465958
0.028466	0.345019
0.028972	0.282408
0.041590	0.465958
0.028466	0.345019
0.028972	0.282408
0.041590	0.465958
0.028466	0.345019
0.028972	0.282408
0.041590	0.465958
0.028466	0.345019
0.028972	0.282408
0.041590	0.465958
0.028466	0.345019
0.028972	0.282408
0.041590	0.465958
0.028466	0.345019
0.028972	0.282408
0.041590	0.465958
0.028466	0.345019
0.028972	0.282408
0.041590	0.465958
0.028466	0.345019
0.028972	0.282408
0.041590	0.465958
0.028466	0.345019
0.028972	0.282408
0.041590	0.465958
0.028466	0.345019


TEvsOR    ²©ÞÄ:
0.300000	6.677303
0.414286	9.035370
0.400000	11.168173
0.642857	17.398802
0.457143	12.144636
0.385714	10.866349
0.457143	12.144636
0.385714	10.866349
0.457143	12.144636
0.385714	10.866349
0.457143	12.144636
0.385714	10.866349
0.457143	12.144636
0.385714	10.866349
0.457143	12.144636
0.385714	10.866349
0.457143	12.144636
0.385714	10.866349
0.457143	12.144636
0.385714	10.866349
0.457143	12.144636
0.385714	10.866349
0.457143	12.144636
0.385714	10.866349
0.457143	12.144636
0.385714	10.866349
0.457143	12.144636
0.385714	10.866349
0.457143	12.144636
0.385714	10.866349
0.457143	12.144636
0.385714	10.866349
0.457143	12.144636
0.385714	10.866349
0.457143	12.144636
0.385714	10.866349
0.457143	12.144636
0.385714	10.866349
0.457143	12.144636
0.385714	10.866349
0.457143	12.144636
0.385714	10.866349
0.457143	12.144636
0.385714	10.866349
0.457143	12.144636
0.385714	10.866349
0.457143	12.144636
0.385714	10.866349
0.457143	12.144636
0.385714	10.866349
0.457143	12.144636
0.385714	10.866349
0.457143	12.144636
0.385714	10.866349
0.457143	12.144636
0.385714	10.866349
0.457143	12.144636
0.385714	10.866349
0.457143	12.144636
0.385714	10.866349
0.457143	12.144636
0.385714	10.866349
0.457143	12.144636
0.385714	10.866349
0.457143	12.144636
0.385714	10.866349
0.457143	12.144636
0.385714	10.866349
0.457143	12.144636
0.385714	10.866349
0.457143	12.144636
0.385714	10.866349
0.457143	12.144636
0.385714	10.866349
0.457143	12.144636
0.385714	10.866349
0.457143	12.144636
0.385714	10.866349
0.457143	12.144636
0.385714	10.866349
0.457143	12.144636
0.385714	10.866349
0.457143	12.144636
0.385714	10.866349
0.457143	12.144636
0.385714	10.866349
0.457143	12.144636
0.385714	10.866349
0.457143	12.144636
0.385714	10.866349
0.457143	12.144636
0.385714	10.866349
0.457143	12.144636
0.385714	10.866349
0.457143	12.144636
0.385714	10.866349
0.457143	12.144636
0.385714	10.866349
0.457143	12.144636
0.385714	10.866349


TEvsOR 2    ²©ÞÄ:
0.142105	2.242266
0.142105	2.483845
0.170588	2.778962
0.188235	3.484293
0.252941	4.078377
0.142105	2.242266
0.142105	2.483845
0.170588	2.778962
0.188235	3.484293
0.252941	4.078377
0.142105	2.242266
0.142105	2.483845
0.170588	2.778962
0.188235	3.484293
0.252941	4.078377
0.142105	2.242266
0.142105	2.483845
0.170588	2.778962
0.188235	3.484293
0.252941	4.078377
0.142105	2.242266
0.142105	2.483845
0.170588	2.778962
0.188235	3.484293
0.252941	4.078377
0.142105	2.242266
0.142105	2.483845
0.170588	2.778962
0.188235	3.484293
0.252941	4.078377
0.142105	2.242266
0.142105	2.483845
0.170588	2.778962
0.188235	3.484293
0.252941	4.078377
0.142105	2.242266
0.142105	2.483845
0.170588	2.778962
0.188235	3.484293
0.252941	4.078377
0.142105	2.242266
0.142105	2.483845
0.170588	2.778962
0.188235	3.484293
0.252941	4.078377
0.142105	2.242266
0.142105	2.483845
0.170588	2.778962
0.188235	3.484293
0.252941	4.078377
0.142105	2.242266
0.142105	2.483845
0.170588	2.778962
0.188235	3.484293
0.252941	4.078377
0.142105	2.242266
0.142105	2.483845
0.170588	2.778962
0.188235	3.484293
0.252941	4.078377
0.142105	2.242266
0.142105	2.483845
0.170588	2.778962
0.188235	3.484293
0.252941	4.078377
0.142105	2.242266
0.142105	2.483845
0.170588	2.778962
0.188235	3.484293
0.252941	4.078377
0.142105	2.242266
0.142105	2.483845
0.170588	2.778962
0.188235	3.484293
0.252941	4.078377
0.142105	2.242266
0.142105	2.483845
0.170588	2.778962
0.188235	3.484293
0.252941	4.078377
0.142105	2.242266
0.142105	2.483845
0.170588	2.778962
0.188235	3.484293
0.252941	4.078377
0.142105	2.242266
0.142105	2.483845
0.170588	2.778962
0.188235	3.484293
0.252941	4.078377
0.142105	2.242266
0.142105	2.483845
0.170588	2.778962
0.188235	3.484293
0.252941	4.078377
0.142105	2.242266
0.142105	2.483845
0.170588	2.778962
0.188235	3.484293
0.252941	4.078377


TEvsOR    ²©ÞÄ:
0.105882	1.680732
0.205882	2.722521
0.111765	1.931854
0.205882	2.052936
0.294118	2.354310
0.141176	2.533805
0.129412	2.387221
0.152941	2.305177
0.123529	2.016755
0.194118	3.091948
0.105882	1.680732
0.205882	2.722521
0.111765	1.931854
0.205882	2.052936
0.294118	2.354310
0.141176	2.533805
0.129412	2.387221
0.152941	2.305177
0.123529	2.016755
0.194118	3.091948
0.105882	1.680732
0.205882	2.722521
0.111765	1.931854
0.205882	2.052936
0.294118	2.354310
0.141176	2.533805
0.129412	2.387221
0.152941	2.305177
0.123529	2.016755
0.194118	3.091948
0.105882	1.680732
0.205882	2.722521
0.111765	1.931854
0.205882	2.052936
0.294118	2.354310
0.141176	2.533805
0.129412	2.387221
0.152941	2.305177
0.123529	2.016755
0.194118	3.091948
0.105882	1.680732
0.205882	2.722521
0.111765	1.931854
0.205882	2.052936
0.294118	2.354310
0.141176	2.533805
0.129412	2.387221
0.152941	2.305177
0.123529	2.016755
0.194118	3.091948
0.105882	1.680732
0.205882	2.722521
0.111765	1.931854
0.205882	2.052936
0.294118	2.354310
0.141176	2.533805
0.129412	2.387221
0.152941	2.305177
0.123529	2.016755
0.194118	3.091948
0.105882	1.680732
0.205882	2.722521
0.111765	1.931854
0.205882	2.052936
0.294118	2.354310
0.141176	2.533805
0.129412	2.387221
0.152941	2.305177
0.123529	2.016755
0.194118	3.091948
0.105882	1.680732
0.205882	2.722521
0.111765	1.931854
0.205882	2.052936
0.294118	2.354310
0.141176	2.533805
0.129412	2.387221
0.152941	2.305177
0.123529	2.016755
0.194118	3.091948
0.105882	1.680732
0.205882	2.722521
0.111765	1.931854
0.205882	2.052936
0.294118	2.354310
0.141176	2.533805
0.129412	2.387221
0.152941	2.305177
0.123529	2.016755
0.194118	3.091948
0.105882	1.680732
0.205882	2.722521
0.111765	1.931854
0.205882	2.052936
0.294118	2.354310
0.141176	2.533805
0.129412	2.387221
0.152941	2.305177
0.123529	2.016755
0.194118	3.091948


TEvsOR 2    ²©ÞÄ:
0.066667	1.108260
0.110714	1.252293
0.118519	1.437125
0.077778	1.367091
0.088889	1.582426
0.088889	1.743727
0.066667	1.076532
0.096296	1.440227
0.066667	1.078317
0.122222	1.221953
0.082143	1.175806
0.129630	1.532896
0.114286	1.463405
0.151852	2.206212
0.077778	1.444217
0.129630	1.862294
0.129630	1.695983
0.077778	1.424466
0.118519	1.586292
0.125926	1.668635
0.133333	1.389394
0.133333	1.863597
0.125926	1.967485
0.077778	1.419351
0.118519	1.172783
0.133333	1.558860
0.125926	1.241361
0.185185	1.292484
0.148148	2.028621
0.133333	1.861131
0.074074	1.132748
0.077778	1.220071
0.129630	1.530168
0.114286	1.739973
0.088889	1.499745
0.089286	1.605278
0.100000	1.746977
0.088889	1.344736
0.129630	1.960686
0.075000	1.391214
0.118519	1.334715
0.082143	1.637549
0.071429	1.487562
0.088889	1.405889
0.100000	1.719313
0.129630	1.531420
0.088889	1.252239
0.092857	1.152263
0.088889	1.429888
0.100000	1.449442
0.092857	1.342137
0.129630	1.602010
0.088889	1.182935
0.100000	1.467736
0.129630	1.888486
0.089286	1.259198
0.088889	1.186120
0.118519	1.239546
0.129630	1.598620
0.118519	1.622648
0.133333	2.437227
0.118519	1.451316
0.118519	1.505564
0.118519	1.681858
0.140741	2.184857
0.077778	1.100378
0.077778	1.031313
0.077778	1.353435
0.118519	1.421307
0.140741	1.605247
0.100000	1.384853
0.085185	1.316065
0.085185	1.316065
0.085185	1.316065
0.085185	1.316065
0.085185	1.316065
0.085185	1.316065
0.085185	1.316065
0.085185	1.316065
0.085185	1.316065
0.085185	1.316065
0.085185	1.316065
0.085185	1.316065
0.085185	1.316065
0.085185	1.316065
0.085185	1.316065
0.085185	1.316065
0.085185	1.316065
0.085185	1.316065
0.085185	1.316065
0.085185	1.316065
0.085185	1.316065
0.085185	1.316065
0.085185	1.316065
0.085185	1.316065
0.085185	1.316065
0.085185	1.316065
0.085185	1.316065
0.085185	1.316065
0.085185	1.316065


TEvsOR    ²©ÞÄ:
0.092857	1.383313
0.170370	1.706141
0.092857	1.383313
0.170370	1.706141
0.092857	1.383313
0.170370	1.706141
0.092857	1.383313
0.170370	1.706141
0.092857	1.383313
0.170370	1.706141
0.092857	1.383313
0.170370	1.706141
0.092857	1.383313
0.170370	1.706141
0.092857	1.383313
0.170370	1.706141
0.092857	1.383313
0.170370	1.706141
0.092857	1.383313
0.170370	1.706141
0.092857	1.383313
0.170370	1.706141
0.092857	1.383313
0.170370	1.706141
0.092857	1.383313
0.170370	1.706141
0.092857	1.383313
0.170370	1.706141
0.092857	1.383313
0.170370	1.706141
0.092857	1.383313
0.170370	1.706141
0.092857	1.383313
0.170370	1.706141
0.092857	1.383313
0.170370	1.706141
0.092857	1.383313
0.170370	1.706141
0.092857	1.383313
0.170370	1.706141
0.092857	1.383313
0.170370	1.706141
0.092857	1.383313
0.170370	1.706141
0.092857	1.383313
0.170370	1.706141
0.092857	1.383313
0.170370	1.706141
0.092857	1.383313
0.170370	1.706141
0.092857	1.383313
0.170370	1.706141
0.092857	1.383313
0.170370	1.706141
0.092857	1.383313
0.170370	1.706141
0.092857	1.383313
0.170370	1.706141
0.092857	1.383313
0.170370	1.706141
0.092857	1.383313
0.170370	1.706141
0.092857	1.383313
0.170370	1.706141
0.092857	1.383313
0.170370	1.706141
0.092857	1.383313
0.170370	1.706141
0.092857	1.383313
0.170370	1.706141
0.092857	1.383313
0.170370	1.706141
0.092857	1.383313
0.170370	1.706141
0.092857	1.383313
0.170370	1.706141
0.092857	1.383313
0.170370	1.706141
0.092857	1.383313
0.170370	1.706141
0.092857	1.383313
0.170370	1.706141
0.092857	1.383313
0.170370	1.706141
0.092857	1.383313
0.170370	1.706141
0.092857	1.383313
0.170370	1.706141
0.092857	1.383313
0.170370	1.706141
0.092857	1.383313
0.170370	1.706141
0.092857	1.383313
0.170370	1.706141
0.092857	1.383313
0.170370	1.706141
0.092857	1.383313
0.170370	1.706141
0.092857	1.383313
0.170370	1.706141


TEvsOR 2    ²©ÞÄ:
0.068421	1.279401
0.083784	1.191946
0.164865	1.727494
0.081081	1.370917
0.068421	1.279401
0.083784	1.191946
0.164865	1.727494
0.081081	1.370917
0.068421	1.279401
0.083784	1.191946
0.164865	1.727494
0.081081	1.370917
0.068421	1.279401
0.083784	1.191946
0.164865	1.727494
0.081081	1.370917
0.068421	1.279401
0.083784	1.191946
0.164865	1.727494
0.081081	1.370917
0.068421	1.279401
0.083784	1.191946
0.164865	1.727494
0.081081	1.370917
0.068421	1.279401
0.083784	1.191946
0.164865	1.727494
0.081081	1.370917
0.068421	1.279401
0.083784	1.191946
0.164865	1.727494
0.081081	1.370917
0.068421	1.279401
0.083784	1.191946
0.164865	1.727494
0.081081	1.370917
0.068421	1.279401
0.083784	1.191946
0.164865	1.727494
0.081081	1.370917
0.068421	1.279401
0.083784	1.191946
0.164865	1.727494
0.081081	1.370917
0.068421	1.279401
0.083784	1.191946
0.164865	1.727494
0.081081	1.370917
0.068421	1.279401
0.083784	1.191946
0.164865	1.727494
0.081081	1.370917
0.068421	1.279401
0.083784	1.191946
0.164865	1.727494
0.081081	1.370917
0.068421	1.279401
0.083784	1.191946
0.164865	1.727494
0.081081	1.370917
0.068421	1.279401
0.083784	1.191946
0.164865	1.727494
0.081081	1.370917
0.068421	1.279401
0.083784	1.191946
0.164865	1.727494
0.081081	1.370917
0.068421	1.279401
0.083784	1.191946
0.164865	1.727494
0.081081	1.370917
0.068421	1.279401
0.083784	1.191946
0.164865	1.727494
0.081081	1.370917
0.068421	1.279401
0.083784	1.191946
0.164865	1.727494
0.081081	1.370917
0.068421	1.279401
0.083784	1.191946
0.164865	1.727494
0.081081	1.370917
0.068421	1.279401
0.083784	1.191946
0.164865	1.727494
0.081081	1.370917
0.068421	1.279401
0.083784	1.191946
0.164865	1.727494
0.081081	1.370917
0.068421	1.279401
0.083784	1.191946
0.164865	1.727494
0.081081	1.370917
0.068421	1.279401
0.083784	1.191946
0.164865	1.727494
0.081081	1.370917


TEvsOR    ²©ÞÄ:
0.045946	0.798501
0.118919	1.362307
0.124324	1.613078
0.170270	1.874593
0.078378	1.147176
0.124324	1.441976
0.078378	1.147176
0.124324	1.441976
0.078378	1.147176
0.124324	1.441976
0.078378	1.147176
0.124324	1.441976
0.078378	1.147176
0.124324	1.441976
0.078378	1.147176
0.124324	1.441976
0.078378	1.147176
0.124324	1.441976
0.078378	1.147176
0.124324	1.441976
0.078378	1.147176
0.124324	1.441976
0.078378	1.147176
0.124324	1.441976
0.078378	1.147176
0.124324	1.441976
0.078378	1.147176
0.124324	1.441976
0.078378	1.147176
0.124324	1.441976
0.078378	1.147176
0.124324	1.441976
0.078378	1.147176
0.124324	1.441976
0.078378	1.147176
0.124324	1.441976
0.078378	1.147176
0.124324	1.441976
0.078378	1.147176
0.124324	1.441976
0.078378	1.147176
0.124324	1.441976
0.078378	1.147176
0.124324	1.441976
0.078378	1.147176
0.124324	1.441976
0.078378	1.147176
0.124324	1.441976
0.078378	1.147176
0.124324	1.441976
0.078378	1.147176
0.124324	1.441976
0.078378	1.147176
0.124324	1.441976
0.078378	1.147176
0.124324	1.441976
0.078378	1.147176
0.124324	1.441976
0.078378	1.147176
0.124324	1.441976
0.078378	1.147176
0.124324	1.441976
0.078378	1.147176
0.124324	1.441976
0.078378	1.147176
0.124324	1.441976
0.078378	1.147176
0.124324	1.441976
0.078378	1.147176
0.124324	1.441976
0.078378	1.147176
0.124324	1.441976
0.078378	1.147176
0.124324	1.441976
0.078378	1.147176
0.124324	1.441976
0.078378	1.147176
0.124324	1.441976
0.078378	1.147176
0.124324	1.441976
0.078378	1.147176
0.124324	1.441976
0.078378	1.147176
0.124324	1.441976
0.078378	1.147176
0.124324	1.441976
0.078378	1.147176
0.124324	1.441976
0.078378	1.147176
0.124324	1.441976
0.078378	1.147176
0.124324	1.441976
0.078378	1.147176
0.124324	1.441976
0.078378	1.147176
0.124324	1.441976
0.078378	1.147176
0.124324	1.441976
0.078378	1.147176
0.124324	1.441976


TEvsOR 2    ²©ÞÄ:
0.036170	0.818119
0.038298	0.714657
0.140426	1.362227
0.070213	0.918208
0.097872	1.035555
0.074468	1.197620
0.108511	1.390789
0.070213	1.030404
0.106383	1.125124
0.106383	1.125124
0.106383	1.125124
0.106383	1.125124
0.106383	1.125124
0.106383	1.125124
0.106383	1.125124
0.106383	1.125124
0.106383	1.125124
0.106383	1.125124
0.106383	1.125124
0.106383	1.125124
0.106383	1.125124
0.106383	1.125124
0.106383	1.125124
0.106383	1.125124
0.106383	1.125124
0.106383	1.125124
0.106383	1.125124
0.106383	1.125124
0.106383	1.125124
0.106383	1.125124
0.106383	1.125124
0.106383	1.125124
0.106383	1.125124
0.106383	1.125124
0.106383	1.125124
0.106383	1.125124
0.106383	1.125124
0.106383	1.125124
0.106383	1.125124
0.106383	1.125124
0.106383	1.125124
0.106383	1.125124
0.106383	1.125124
0.106383	1.125124
0.106383	1.125124
0.106383	1.125124
0.106383	1.125124
0.106383	1.125124
0.106383	1.125124
0.106383	1.125124
0.106383	1.125124
0.106383	1.125124
0.106383	1.125124
0.106383	1.125124
0.106383	1.125124
0.106383	1.125124
0.106383	1.125124
0.106383	1.125124
0.106383	1.125124
0.106383	1.125124
0.106383	1.125124
0.106383	1.125124
0.106383	1.125124
0.106383	1.125124
0.106383	1.125124
0.106383	1.125124
0.106383	1.125124
0.106383	1.125124
0.106383	1.125124
0.106383	1.125124
0.106383	1.125124
0.106383	1.125124
0.106383	1.125124
0.106383	1.125124
0.106383	1.125124
0.106383	1.125124
0.106383	1.125124
0.106383	1.125124
0.106383	1.125124
0.106383	1.125124
0.106383	1.125124
0.106383	1.125124
0.106383	1.125124
0.106383	1.125124
0.106383	1.125124
0.106383	1.125124
0.106383	1.125124
0.106383	1.125124
0.106383	1.125124
0.106383	1.125124
0.106383	1.125124
0.106383	1.125124
0.106383	1.125124
0.106383	1.125124
0.106383	1.125124
0.106383	1.125124
0.106383	1.125124
0.106383	1.125124
0.106383	1.125124
0.106383	1.125124


TEvsOR    ²©ÞÄ:
0.037778	0.762766
0.075000	1.126228
0.043750	0.998953
0.078723	1.243594
0.076596	1.222895
0.100000	1.508097
0.068085	1.228853
0.097917	1.598455
0.068085	1.260026
0.097917	1.598455
0.068085	1.260026
0.097917	1.598455
0.068085	1.260026
0.097917	1.598455
0.068085	1.260026
0.097917	1.598455
0.068085	1.260026
0.097917	1.598455
0.068085	1.260026
0.097917	1.598455
0.068085	1.260026
0.097917	1.598455
0.068085	1.260026
0.097917	1.598455
0.068085	1.260026
0.097917	1.598455
0.068085	1.260026
0.097917	1.598455
0.068085	1.260026
0.097917	1.598455
0.068085	1.260026
0.097917	1.598455
0.068085	1.260026
0.097917	1.598455
0.068085	1.260026
0.097917	1.598455
0.068085	1.260026
0.097917	1.598455
0.068085	1.260026
0.097917	1.598455
0.068085	1.260026
0.097917	1.598455
0.068085	1.260026
0.097917	1.598455
0.068085	1.260026
0.097917	1.598455
0.068085	1.260026
0.097917	1.598455
0.068085	1.260026
0.097917	1.598455
0.068085	1.260026
0.097917	1.598455
0.068085	1.260026
0.097917	1.598455
0.068085	1.260026
0.097917	1.598455
0.068085	1.260026
0.097917	1.598455
0.068085	1.260026
0.097917	1.598455
0.068085	1.260026
0.097917	1.598455
0.068085	1.260026
0.097917	1.598455
0.068085	1.260026
0.097917	1.598455
0.068085	1.260026
0.097917	1.598455
0.068085	1.260026
0.097917	1.598455
0.068085	1.260026
0.097917	1.598455
0.068085	1.260026
0.097917	1.598455
0.068085	1.260026
0.097917	1.598455
0.068085	1.260026
0.097917	1.598455
0.068085	1.260026
0.097917	1.598455
0.068085	1.260026
0.097917	1.598455
0.068085	1.260026
0.097917	1.598455
0.068085	1.260026
0.097917	1.598455
0.068085	1.260026
0.097917	1.598455
0.068085	1.260026
0.097917	1.598455
0.068085	1.260026
0.097917	1.598455
0.068085	1.260026
0.097917	1.598455
0.068085	1.260026
0.097917	1.598455
0.068085	1.260026
0.097917	1.598455
0.068085	1.260026
0.097917	1.598455


TEvsOR 2    ²©ÞÄ:
0.030909	0.688782
0.051724	0.743798
0.064912	0.988745
0.073684	0.990600
0.096491	1.334894
0.061404	0.932909
0.073684	0.772736
0.089474	1.373565
0.045614	0.811392
0.101754	1.375984
0.061404	0.932909
0.073684	0.772736
0.089474	1.373565
0.045614	0.811392
0.101754	1.375984
0.061404	0.932909
0.073684	0.772736
0.089474	1.373565
0.045614	0.811392
0.101754	1.375984
0.061404	0.932909
0.073684	0.772736
0.089474	1.373565
0.045614	0.811392
0.101754	1.375984
0.061404	0.932909
0.073684	0.772736
0.089474	1.373565
0.045614	0.811392
0.101754	1.375984
0.061404	0.932909
0.073684	0.772736
0.089474	1.373565
0.045614	0.811392
0.101754	1.375984
0.061404	0.932909
0.073684	0.772736
0.089474	1.373565
0.045614	0.811392
0.101754	1.375984
0.061404	0.932909
0.073684	0.772736
0.089474	1.373565
0.045614	0.811392
0.101754	1.375984
0.061404	0.932909
0.073684	0.772736
0.089474	1.373565
0.045614	0.811392
0.101754	1.375984
0.061404	0.932909
0.073684	0.772736
0.089474	1.373565
0.045614	0.811392
0.101754	1.375984
0.061404	0.932909
0.073684	0.772736
0.089474	1.373565
0.045614	0.811392
0.101754	1.375984
0.061404	0.932909
0.073684	0.772736
0.089474	1.373565
0.045614	0.811392
0.101754	1.375984
0.061404	0.932909
0.073684	0.772736
0.089474	1.373565
0.045614	0.811392
0.101754	1.375984
0.061404	0.932909
0.073684	0.772736
0.089474	1.373565
0.045614	0.811392
0.101754	1.375984
0.061404	0.932909
0.073684	0.772736
0.089474	1.373565
0.045614	0.811392
0.101754	1.375984
0.061404	0.932909
0.073684	0.772736
0.089474	1.373565
0.045614	0.811392
0.101754	1.375984
0.061404	0.932909
0.073684	0.772736
0.089474	1.373565
0.045614	0.811392
0.101754	1.375984
0.061404	0.932909
0.073684	0.772736
0.089474	1.373565
0.045614	0.811392
0.101754	1.375984
0.061404	0.932909
0.073684	0.772736
0.089474	1.373565
0.045614	0.811392
0.101754	1.375984


