TEvsOR    ²©ÞÄ:
0.144444	95.000000
0.285714	139.000000
0.288889	169.000000
0.222222	158.000000
0.228571	147.000000
0.228571	157.000000
0.288889	159.000000
0.288889	169.000000
0.162500	117.000000
0.300000	144.000000
0.211111	168.000000
0.288889	162.000000
0.162500	137.000000
0.211111	141.000000
0.211111	109.000000
0.385714	166.000000
0.255556	126.000000
0.314286	147.000000
0.300000	155.000000
0.288889	161.000000
0.162500	117.000000
0.300000	144.000000
0.211111	168.000000
0.288889	162.000000
0.162500	137.000000
0.211111	141.000000
0.211111	109.000000
0.385714	166.000000
0.277778	157.000000
0.322222	120.000000
0.322222	164.000000
0.233333	145.000000
0.233333	145.000000
0.233333	145.000000
0.233333	145.000000
0.233333	145.000000
0.233333	145.000000
0.233333	145.000000
0.233333	145.000000
0.233333	145.000000
0.233333	145.000000
0.233333	145.000000
0.233333	145.000000
0.233333	145.000000
0.233333	145.000000
0.233333	145.000000
0.233333	145.000000
0.233333	145.000000
0.233333	145.000000
0.233333	145.000000
0.233333	145.000000
0.233333	145.000000
0.233333	145.000000
0.233333	145.000000
0.233333	145.000000
0.233333	145.000000
0.233333	145.000000
0.233333	145.000000
0.233333	145.000000
0.233333	145.000000
0.233333	145.000000
0.233333	145.000000
0.233333	145.000000
0.233333	145.000000
0.233333	145.000000
0.233333	145.000000
0.233333	145.000000
0.233333	145.000000
0.233333	145.000000
0.233333	145.000000
0.233333	145.000000
0.233333	145.000000
0.233333	145.000000
0.233333	145.000000
0.233333	145.000000
0.233333	145.000000
0.233333	145.000000
0.233333	145.000000
0.233333	145.000000
0.233333	145.000000
0.233333	145.000000
0.233333	145.000000
0.233333	145.000000
0.233333	145.000000
0.233333	145.000000
0.233333	145.000000
0.233333	145.000000
0.233333	145.000000
0.233333	145.000000
0.233333	145.000000
0.233333	145.000000
0.233333	145.000000
0.233333	145.000000
0.233333	145.000000
0.233333	145.000000
0.233333	145.000000
0.233333	145.000000
0.233333	145.000000
0.233333	145.000000
0.233333	145.000000


Network Friendly Overlay Routing
0.144444	95.000000
0.285714	141.850000
0.214286	143.230000
0.151857	126.646143
0.174444	151.949686
0.175667	142.315860
0.150000	123.566823
0.159844	123.486934
0.165148	137.823978
0.150000	119.022107
0.150000	134.860518
0.187778	146.942705
0.150913	133.071744
0.168409	131.669552
0.166971	116.337204
0.165634	134.483951
0.163896	143.040000
0.171429	141.000000
0.171429	137.000000
0.167143	164.400000
0.214429	174.000000
0.228571	172.117067
0.228571	173.072454
0.257143	152.742728
0.235714	178.911378
0.206471	141.354025
0.228571	143.847671
0.228571	159.521560
0.228571	150.589588
0.214286	147.113536
0.214286	149.435007
0.214286	156.977300
0.214286	150.642434
0.228571	173.944499
0.185556	135.254421
0.190342	137.367041
0.214286	180.738653
0.214286	141.359934
0.210000	180.900135
0.179089	135.355059
0.168530	148.584897
0.154803	135.820575
0.171429	153.873329
0.178046	164.311362
0.175037	157.772779
0.171429	164.889787
0.156117	146.311744
0.158627	121.222811
0.150000	131.303744
0.167143	145.483240
0.157143	139.267894
0.157143	138.248975
0.204286	160.824569
0.180351	144.100000
0.227143	131.000000
0.228571	203.851769
0.165885	158.181565
0.177507	143.700233
0.228571	137.483358
0.215714	155.121600
0.228571	152.692413
0.228571	182.281636
0.228571	168.518306
0.228571	168.793835
0.228571	152.056246
0.228571	182.591608
0.225990	164.634002
0.225216	145.829060
0.228571	167.131036
0.207495	180.540908
0.251471	199.864139
0.249770	169.650553
0.234701	199.325347
0.266105	194.455044
0.263563	152.906147
0.242857	167.452827
0.197571	119.081362
0.228571	206.350628
0.200787	160.619746
0.214286	160.708228
0.214296	165.389964
0.214286	150.537175
0.214286	148.472052
0.214286	175.738752
0.214286	195.758970
0.214286	173.040597
0.214286	178.129793
0.214286	179.682511
0.229616	145.158636
0.219311	150.030343
0.214286	141.697619
0.214286	160.772244
0.214286	181.519494
0.214286	158.529500
0.214286	155.907705
0.214286	161.021204
0.214286	158.148185
0.214286	152.720000
0.214286	158.892905
0.186039	150.502917


TEvsOR    ²©ÞÄ:
0.157143	95.000000
0.157143	113.000000
0.157143	98.000000
0.200000	138.000000
0.157143	103.000000
0.171429	146.000000
0.171429	131.000000
0.171429	107.000000
0.250000	121.000000
0.216667	166.000000
0.171429	107.000000
0.271429	143.000000
0.211111	133.000000
0.300000	174.000000
0.175000	121.000000
0.328571	144.000000
0.277778	192.000000
0.188889	159.000000
0.211111	144.000000
0.171429	144.000000
0.166667	134.000000
0.166667	136.000000
0.171429	150.000000
0.171429	138.000000
0.157143	123.000000
0.166667	152.000000
0.185714	133.000000
0.171429	121.000000
0.171429	144.000000
0.171429	137.000000
0.171429	148.000000
0.166667	145.000000
0.166667	152.000000
0.185714	133.000000
0.171429	121.000000
0.171429	144.000000
0.171429	137.000000
0.171429	147.000000
0.166667	145.000000
0.166667	152.000000
0.185714	133.000000
0.171429	121.000000
0.171429	144.000000
0.171429	137.000000
0.171429	147.000000
0.166667	145.000000
0.166667	152.000000
0.185714	133.000000
0.171429	121.000000
0.171429	144.000000
0.171429	137.000000
0.171429	147.000000
0.166667	145.000000
0.166667	152.000000
0.185714	133.000000
0.171429	121.000000
0.171429	144.000000
0.171429	137.000000
0.171429	147.000000
0.166667	145.000000
0.166667	152.000000
0.185714	133.000000
0.171429	121.000000
0.171429	144.000000
0.171429	137.000000
0.171429	147.000000
0.166667	145.000000
0.166667	152.000000
0.185714	133.000000
0.171429	121.000000
0.171429	144.000000
0.171429	137.000000
0.171429	147.000000
0.166667	145.000000
0.166667	152.000000
0.185714	133.000000
0.171429	121.000000
0.171429	144.000000
0.171429	137.000000
0.171429	147.000000
0.166667	145.000000
0.166667	152.000000
0.185714	133.000000
0.171429	121.000000
0.171429	144.000000
0.171429	137.000000
0.171429	147.000000
0.166667	145.000000
0.166667	152.000000
0.185714	133.000000
0.171429	121.000000
0.171429	144.000000
0.171429	137.000000
0.171429	147.000000
0.166667	145.000000
0.166667	152.000000
0.185714	133.000000
0.171429	121.000000
0.171429	144.000000
0.171429	137.000000


Network Friendly Overlay Routing
0.157143	95.000000
0.157143	113.000000
0.157143	125.564286
0.157143	127.007143
0.160000	117.294571
0.157143	125.766729
0.176661	130.141000
0.200000	136.708300
0.200239	155.062640
0.200000	137.699398
0.226189	149.018329
0.223007	143.813112
0.247052	145.975748
0.231168	125.759760
0.257661	199.882608
0.186260	162.774479
0.225846	150.441248
0.236693	162.828718
0.218987	143.938120
0.221192	144.240000
0.218714	135.874582
0.240000	135.215367
0.261623	164.372506
0.278664	148.084700
0.272264	172.089520
0.263943	151.991849
0.274131	132.429124
0.299610	153.315607
0.274972	134.548681
0.280922	114.668978
0.289484	127.033008
0.271416	213.950859
0.251860	167.953252
0.242173	140.847777
0.229163	143.000000
0.214286	166.613847
0.212365	135.328484
0.271789	130.457331
0.263326	167.117946
0.236883	143.447804
0.271690	173.148180
0.243612	109.489158
0.253630	122.551163
0.281188	145.102434
0.290790	111.561111
0.275885	111.850000
0.322857	126.122579
0.268650	162.387843
0.202597	137.862460
0.263376	113.113170
0.277195	149.668843
0.291188	127.046266
0.298292	132.212879
0.251782	148.300358
0.282239	111.192860
0.278197	108.558716
0.269984	133.285825
0.266475	119.069629
0.272596	132.642311
0.292111	106.474027
0.300000	152.119482
0.281193	107.855647
0.300000	155.912970
0.219615	136.748627
0.270686	122.850000
0.294611	135.693839
0.292995	155.008732
0.293659	143.091704
0.284278	112.074040
0.279562	113.717987
0.314286	168.560498
0.232467	163.285493
0.246748	122.446312
0.271535	119.610434
0.262996	150.179918
0.200135	110.986925
0.260176	114.450000
0.314286	117.721673
0.300635	141.046743
0.294254	182.216352
0.264679	135.177048
0.290289	159.205407
0.256768	146.630111
0.238199	148.758881
0.235807	172.126318
0.246549	172.079760
0.223235	150.440265
0.192707	173.260371
0.217333	141.573895
0.161433	130.166184
0.171778	143.854409
0.159978	122.735881
0.159778	145.929402
0.155714	97.707782
0.157143	122.807800
0.157143	109.065726
0.157143	119.568969
0.169168	138.143210
0.181058	131.686521
0.181357	151.531214


TEvsOR    ²©ÞÄ:
0.128571	106.000000
0.185714	140.000000
0.300000	175.000000
0.285714	129.000000
0.357143	181.000000
0.371429	169.000000
0.285714	176.000000
0.171429	118.000000
0.171429	148.000000
0.285714	158.000000
0.171429	129.000000
0.171429	129.000000
0.171429	129.000000
0.171429	129.000000
0.171429	129.000000
0.171429	129.000000
0.171429	129.000000
0.171429	129.000000
0.171429	129.000000
0.171429	129.000000
0.171429	129.000000
0.171429	129.000000
0.171429	129.000000
0.171429	129.000000
0.171429	129.000000
0.171429	129.000000
0.171429	129.000000
0.171429	129.000000
0.171429	129.000000
0.171429	129.000000
0.171429	129.000000
0.171429	129.000000
0.171429	129.000000
0.171429	129.000000
0.171429	129.000000
0.171429	129.000000
0.171429	129.000000
0.171429	129.000000
0.171429	129.000000
0.171429	129.000000
0.171429	129.000000
0.171429	129.000000
0.171429	129.000000
0.171429	129.000000
0.171429	129.000000
0.171429	129.000000
0.171429	129.000000
0.171429	129.000000
0.171429	129.000000
0.171429	129.000000
0.171429	129.000000
0.171429	129.000000
0.171429	129.000000
0.171429	129.000000
0.171429	129.000000
0.171429	129.000000
0.171429	129.000000
0.171429	129.000000
0.171429	129.000000
0.171429	129.000000
0.171429	129.000000
0.171429	129.000000
0.171429	129.000000
0.171429	129.000000
0.171429	129.000000
0.171429	129.000000
0.171429	129.000000
0.171429	129.000000
0.171429	129.000000
0.171429	129.000000
0.171429	129.000000
0.171429	129.000000
0.171429	129.000000
0.171429	129.000000
0.171429	129.000000
0.171429	129.000000
0.171429	129.000000
0.171429	129.000000
0.171429	129.000000
0.171429	129.000000
0.171429	129.000000
0.171429	129.000000
0.171429	129.000000
0.171429	129.000000
0.171429	129.000000
0.171429	129.000000
0.171429	129.000000
0.171429	129.000000
0.171429	129.000000
0.171429	129.000000
0.171429	129.000000
0.171429	129.000000
0.171429	129.000000
0.171429	129.000000
0.171429	129.000000
0.171429	129.000000
0.171429	129.000000
0.171429	129.000000
0.171429	129.000000
0.171429	129.000000


Network Friendly Overlay Routing
0.128571	106.000000
0.185714	142.037500
0.241429	161.443750
0.245286	129.935500
0.177443	115.960000
0.171429	131.181500
0.175714	143.756200
0.159357	138.658870
0.155736	143.000000
0.171429	123.795127
0.177386	153.384887
0.171429	140.645000
0.175714	143.000000
0.171429	131.500000
0.171429	156.991950
0.146742	150.328191
0.144908	129.340900
0.171429	166.753900
0.171429	166.860656
0.175714	133.009957
0.181286	131.329364
0.188529	144.148929
0.171429	140.381000
0.171429	146.340900
0.171429	126.980119
0.171429	122.714885
0.185714	131.136350
0.191143	132.229212
0.205629	142.398098
0.222303	138.868383
0.203279	145.121502
0.217120	144.096659
0.196542	133.207240
0.208362	134.084771
0.223922	144.865304
0.248241	130.420105
0.225528	119.153789
0.207472	123.439970
0.183999	177.000000
0.171429	129.000000
0.171429	129.000000
0.171429	129.000000
0.171429	129.000000
0.171429	129.000000
0.171429	129.000000
0.171429	129.000000
0.171429	129.000000
0.171429	129.000000
0.171429	129.000000
0.171429	129.000000
0.171429	129.000000
0.171429	129.000000
0.171429	129.000000
0.171429	129.000000
0.171429	129.000000
0.171429	129.000000
0.171429	129.000000
0.171429	129.000000
0.171429	129.000000
0.171429	129.000000
0.171429	129.000000
0.171429	129.000000
0.171429	129.000000
0.171429	129.000000
0.171429	129.000000
0.171429	129.000000
0.171429	129.000000
0.171429	129.000000
0.171429	129.000000
0.171429	129.000000
0.171429	129.000000
0.171429	129.000000
0.171429	129.000000
0.171429	129.000000
0.171429	129.000000
0.171429	129.000000
0.171429	129.000000
0.171429	129.000000
0.171429	129.000000
0.171429	129.000000
0.171429	129.000000
0.171429	129.000000
0.171429	129.000000
0.171429	129.000000
0.171429	129.000000
0.171429	129.000000
0.171429	129.000000
0.171429	129.000000
0.171429	129.000000
0.171429	129.000000
0.171429	129.000000
0.171429	129.000000
0.171429	129.000000
0.171429	129.000000
0.171429	129.000000
0.171429	129.000000
0.171429	129.000000
0.171429	129.000000
0.171429	129.000000
0.171429	129.000000


