TEvsOR    ²©ÞÄ:
0.185714	80.000000
0.350000	125.000000
0.344444	133.000000
0.328571	173.000000
0.433333	199.000000
0.185714	85.000000
0.312500	149.000000
0.466667	163.000000
0.400000	172.000000
0.344444	141.000000
0.328571	98.000000
0.400000	115.000000
0.442857	141.000000
0.371429	137.000000
0.488889	190.000000
0.328571	105.000000
0.557143	135.000000
0.362500	166.000000
0.328571	113.000000
0.400000	114.000000
0.442857	149.000000
0.433333	136.000000
0.328571	159.000000
0.471429	102.000000
0.400000	114.000000
0.371429	147.000000
0.328571	136.000000
0.342857	114.000000
0.442857	146.000000
0.433333	136.000000
0.328571	159.000000
0.471429	102.000000
0.400000	114.000000
0.371429	147.000000
0.328571	136.000000
0.342857	114.000000
0.442857	146.000000
0.433333	136.000000
0.328571	159.000000
0.471429	102.000000
0.400000	114.000000
0.371429	147.000000
0.328571	136.000000
0.342857	114.000000
0.442857	146.000000
0.433333	136.000000
0.328571	159.000000
0.471429	102.000000
0.400000	114.000000
0.371429	147.000000
0.328571	136.000000
0.342857	114.000000
0.442857	146.000000
0.433333	136.000000
0.328571	159.000000
0.471429	102.000000
0.400000	114.000000
0.371429	147.000000
0.328571	136.000000
0.342857	114.000000
0.442857	146.000000
0.433333	136.000000
0.328571	159.000000
0.471429	102.000000
0.400000	114.000000
0.371429	147.000000
0.328571	136.000000
0.342857	114.000000
0.442857	146.000000
0.433333	136.000000
0.328571	159.000000
0.471429	102.000000
0.400000	114.000000
0.371429	147.000000
0.328571	136.000000
0.342857	114.000000
0.442857	146.000000
0.433333	136.000000
0.328571	159.000000
0.471429	102.000000
0.400000	114.000000
0.371429	147.000000
0.328571	136.000000
0.342857	114.000000
0.442857	146.000000
0.433333	136.000000
0.328571	159.000000
0.471429	102.000000
0.400000	114.000000
0.371429	147.000000
0.328571	136.000000
0.342857	114.000000
0.442857	146.000000
0.433333	136.000000
0.328571	159.000000
0.471429	102.000000
0.400000	114.000000
0.371429	147.000000
0.328571	136.000000
0.342857	114.000000


Network Friendly Overlay Routing
0.185714	80.000000
0.350000	137.014286
0.341429	112.523333
0.365857	155.214000
0.364186	134.780300
0.374870	118.370000
0.444286	162.821960
0.347474	97.450881
0.357430	96.634683
0.435000	148.317037
0.346060	129.291587
0.372171	141.082107
0.338449	167.113788
0.314678	162.786068
0.331939	139.112985
0.356968	102.005037
0.418954	114.305011
0.361784	196.830329
0.316033	123.090000
0.328571	142.750000
0.371429	127.000000
0.371429	112.890000
0.392857	168.137750
0.355129	134.786283
0.332380	86.539117
0.371024	130.207479
0.349903	154.241848
0.260588	115.501545
0.282336	114.704918
0.271429	141.110679
0.253014	118.008644
0.222143	137.898346
0.288786	134.893884
0.320591	118.442662
0.371429	140.807359
0.362857	132.921712
0.401000	188.896483
0.379871	170.198201
0.416690	119.905984
0.322143	176.732935
0.393071	152.468841
0.329853	125.507048
0.415952	166.877488
0.300000	150.351735
0.377148	120.657536
0.438429	184.527522
0.476386	169.280800
0.460730	164.652917
0.390378	101.813404
0.436777	170.215282
0.395217	152.772353
0.492353	148.384136
0.518630	131.582740
0.502791	163.845215
0.333357	204.313430
0.343029	108.254129
0.366366	129.198835
0.359347	170.691406
0.422857	203.342897
0.345436	152.245087
0.409057	182.665107
0.308153	131.481957
0.337763	158.019522
0.371429	207.631568
0.221922	138.050184
0.261355	114.506954
0.231000	151.420669
0.213962	143.099727
0.222857	117.618910
0.255738	178.841621
0.279409	144.984676
0.263384	138.785876
0.273000	156.306830
0.228571	132.354361
0.271429	140.230994
0.239571	124.472002
0.311443	139.782009
0.314286	152.022323
0.314286	160.861656
0.310590	155.470998
0.314286	204.455495
0.309481	143.899338
0.314286	155.613155
0.308040	122.323722
0.314286	148.279816
0.306166	174.161190
0.303730	208.433181
0.300564	161.278824
0.296447	196.290587
0.291096	158.785755
0.284139	159.597418
0.275095	145.015824
0.322377	141.108557
0.287662	167.903428
0.260564	135.640319
0.297863	119.257444
0.271429	125.718893
0.271429	133.087720
0.287500	155.608059
0.314286	183.994803


TEvsOR    ²©ÞÄ:
0.214286	98.000000
0.385714	122.000000
0.385714	120.000000
0.314286	155.000000
0.385714	123.000000
0.471429	142.000000
0.314286	155.000000
0.385714	123.000000
0.471429	142.000000
0.314286	155.000000
0.385714	123.000000
0.471429	142.000000
0.314286	155.000000
0.385714	123.000000
0.471429	142.000000
0.314286	155.000000
0.385714	123.000000
0.471429	142.000000
0.314286	155.000000
0.385714	123.000000
0.471429	142.000000
0.314286	155.000000
0.385714	123.000000
0.471429	142.000000
0.314286	155.000000
0.385714	123.000000
0.471429	142.000000
0.314286	155.000000
0.385714	123.000000
0.471429	142.000000
0.314286	155.000000
0.385714	123.000000
0.471429	142.000000
0.314286	155.000000
0.385714	123.000000
0.471429	142.000000
0.314286	155.000000
0.385714	123.000000
0.471429	142.000000
0.314286	155.000000
0.385714	123.000000
0.471429	142.000000
0.314286	155.000000
0.385714	123.000000
0.471429	142.000000
0.314286	155.000000
0.385714	123.000000
0.471429	142.000000
0.314286	155.000000
0.385714	123.000000
0.471429	142.000000
0.314286	155.000000
0.385714	123.000000
0.471429	142.000000
0.314286	155.000000
0.385714	123.000000
0.471429	142.000000
0.314286	155.000000
0.385714	123.000000
0.471429	142.000000
0.314286	155.000000
0.385714	123.000000
0.471429	142.000000
0.314286	155.000000
0.385714	123.000000
0.471429	142.000000
0.314286	155.000000
0.385714	123.000000
0.471429	142.000000
0.314286	155.000000
0.385714	123.000000
0.471429	142.000000
0.314286	155.000000
0.385714	123.000000
0.471429	142.000000
0.314286	155.000000
0.385714	123.000000
0.471429	142.000000
0.314286	155.000000
0.385714	123.000000
0.471429	142.000000
0.314286	155.000000
0.385714	123.000000
0.471429	142.000000
0.314286	155.000000
0.385714	123.000000
0.471429	142.000000
0.314286	155.000000
0.385714	123.000000
0.471429	142.000000
0.314286	155.000000
0.385714	123.000000
0.471429	142.000000
0.314286	155.000000
0.385714	123.000000
0.471429	142.000000
0.314286	155.000000
0.385714	123.000000
0.471429	142.000000
0.314286	155.000000


Network Friendly Overlay Routing
0.214286	98.000000
0.385714	122.000000
0.385714	128.189286
0.291429	122.695714
0.214286	116.640286
0.266657	131.275214
0.281729	95.960363
0.300676	124.300770
0.256882	106.252637
0.221498	115.519261
0.221901	117.127673
0.288471	112.832638
0.375013	131.509834
0.329710	151.898059
0.255687	114.676420
0.332393	106.229323
0.432110	131.047594
0.491458	128.852805
0.511476	188.569474
0.492409	134.286462
0.472989	149.763581
0.437678	147.109337
0.423268	149.748339
0.404534	145.036720
0.405894	126.824681
0.474749	131.929101
0.404201	173.080247
0.344660	151.465346
0.383772	128.207758
0.444603	146.885840
0.393270	102.970144
0.511251	171.404227
0.446783	112.407418
0.535503	158.215967
0.411030	122.184467
0.474308	137.733340
0.496600	151.775101
0.460906	149.475265
0.453464	129.638102
0.453136	131.601351
0.434016	149.357665
0.418506	114.366294
0.439854	127.272909
0.474096	164.556168
0.433386	137.599037
0.445544	137.540357
0.433493	148.750988
0.417827	124.100000
0.485714	147.981918
0.397461	118.747819
0.476778	131.711054
0.555241	152.175557
0.509157	145.695382
0.506574	135.583131
0.493412	149.574870
0.407071	132.620912
0.431046	135.286947
0.410359	137.000000
0.516571	124.046400
0.444400	169.914196
0.400854	121.558229
0.511689	155.741584
0.418258	152.276278
0.543736	176.320246
0.523404	173.480528
0.491853	167.358941
0.450838	154.252920
0.413801	124.700000
0.517269	160.243741
0.446432	161.912316
0.416816	152.144344
0.396146	132.231050
0.419804	145.124871
0.298436	98.169525
0.377871	143.985528
0.426947	156.613315
0.409317	129.268000
0.440402	133.692798
0.437098	139.689245
0.480370	134.246182
0.372909	121.868757
0.429068	117.031140
0.408863	149.651963
0.411522	128.517269
0.451437	153.965323
0.426283	147.563519
0.369882	148.205717
0.396396	148.255594
0.362315	112.575323
0.314286	130.406920
0.408571	113.487195
0.473333	153.342462
0.473471	144.449156
0.433576	122.346158
0.467191	165.880228
0.441413	138.865453
0.455823	136.688214
0.469518	134.407362
0.434659	143.029128
0.445056	139.260210


