TEvsOR    ²©ÞÄ:
0.180000	7.926998
0.434783	12.137190
0.312500	10.375248
0.393258	14.746010
0.333333	13.952681
0.463768	16.076697
0.333333	11.490916
0.475000	18.503031
0.275362	9.836782
0.550000	11.865180
0.474227	17.132424
0.434783	19.863583
0.577320	17.181227
0.474227	9.664557
0.432990	16.588133
0.515464	19.195780
0.507246	19.862365
0.588889	24.147947
0.405797	18.994230
0.382022	15.016706
0.319588	15.175347
0.561798	17.455986
0.492754	20.100826
0.437500	14.744610
0.494382	21.121114
0.333333	11.093535
0.362319	14.348396
0.333333	14.561680
0.500000	17.574600
0.573034	18.225060
0.594203	16.660333
0.460674	14.198664
0.618557	18.739029
0.525000	16.230213
0.623188	19.957438
0.338235	16.343340
0.434783	16.952223
0.494382	17.471585
0.449438	18.289371
0.422680	15.275940
0.556701	12.643181
0.835052	22.161683
0.674157	24.874675
0.516854	14.679726
0.338235	16.153154
0.478261	17.906546
0.333333	15.281717
0.639175	13.782957
0.575000	15.782830
0.594203	19.183493


Network Friendly Overlay Routing
0.180000	7.926998
0.434783	12.405083
0.217500	9.289562
0.208333	11.853251
0.205636	10.322362
0.244928	12.074943
0.266738	11.230319
0.231212	12.519934
0.288889	14.133681
0.370580	13.140783
0.355844	14.370284
0.344620	11.515402
0.316545	11.874053
0.280048	12.564462
0.309056	10.268205
0.275362	13.898121
0.277826	14.308226
0.271277	14.259155
0.317753	12.312606
0.301843	14.589578
0.327597	14.751122
0.322328	12.056833
0.314532	14.167958
0.288892	11.229794
0.356949	14.129545
0.386455	18.693489
0.382391	15.103865
0.310058	10.761651
0.320467	10.635645
0.275362	11.127995
0.315065	15.020740
0.306714	14.592114
0.298747	16.325975
0.388371	17.934468
0.393646	12.027416
0.384998	15.156107
0.375778	15.299216
0.340197	11.342509
0.433800	10.191883
0.395400	14.359812
0.463712	10.189569
0.434286	13.537470
0.420302	11.034567
0.404752	11.647837
0.357638	9.944914
0.296390	14.153994
0.332652	11.544745
0.381885	13.053871
0.316292	11.510370
0.378083	15.883940


TEvsOR    ²©ÞÄ:
0.173913	5.828826
0.375000	9.286563
0.314607	8.938628
0.360825	7.793574
0.350515	10.289424
0.370787	12.998101
0.333333	9.013494
0.677778	17.883453
0.262500	7.425457
0.565217	10.759536
0.444444	11.162195
0.370787	9.542905
0.536232	13.049393
0.366667	14.222053
0.455556	7.884840
0.300000	8.204485
0.333333	12.822136
0.387500	14.612566
0.311111	9.436272
0.483146	14.356785
0.463768	16.495393
0.311111	8.765293
0.463768	9.907069
0.370787	10.144627
0.314607	13.594403
0.573034	20.874483
0.235955	8.318600
0.525000	10.165459
0.370787	10.698219
0.611111	13.798611
0.370787	9.840338
0.311111	9.302881
0.494253	10.469178
0.415730	13.273803
0.262500	8.606895
0.404494	10.187529
0.325000	7.917898
0.393258	8.852446
0.387500	11.276402
0.261905	8.612305
0.233333	8.599592
0.288660	9.894475
0.212500	9.141646
0.387500	10.165749
0.438202	11.119503
0.366667	10.376643
0.494253	14.068355
0.826087	31.691476
0.314607	8.829441
0.325000	9.682109


Network Friendly Overlay Routing
0.173913	5.828826
0.375000	9.769308
0.288406	11.580990
0.185750	7.068961
0.221413	8.122835
0.188891	9.534755
0.207243	7.475061
0.239134	8.209118
0.250502	9.223050
0.177703	7.626919
0.213593	8.257868
0.277450	7.722257
0.224899	7.416312
0.292369	8.366768
0.247423	10.325697
0.289918	7.595480
0.309723	7.991966
0.285157	9.622227
0.272165	8.477502
0.307423	6.859475
0.305653	9.482421
0.364374	10.733487
0.341281	8.496117
0.265694	8.711537
0.225773	7.579117
0.236355	8.319462
0.269007	8.404348
0.267405	7.790209
0.320358	9.862449
0.279706	7.895681
0.317225	9.027094
0.322702	8.537306
0.295802	6.481151
0.297153	5.792962
0.262588	8.352424
0.262887	11.409736
0.308144	9.562626
0.312393	8.806827
0.245258	7.457233
0.301312	7.682282
0.281693	7.990104
0.322195	10.677344
0.346782	9.765530
0.270608	8.965394
0.211689	8.313687
0.229061	8.828228
0.296195	9.928033
0.261342	10.968754
0.216495	8.715989
0.254920	8.896771


TEvsOR    ²©ÞÄ:
0.226415	7.034169
0.382022	8.696047
0.333333	8.495457
0.333333	9.288220
0.341176	10.480926
0.289855	12.780452
0.433333	8.081658
0.362500	9.595739
0.355556	9.849312
0.376812	10.020209
0.333333	9.261185
0.422222	6.679131
0.366667	8.484382
0.422222	7.451869
0.344828	12.785836
0.233333	7.363112
0.255556	8.340181
0.390805	12.063699
0.551724	12.950707
0.420290	13.371099
0.724138	18.867890
0.300000	6.401895
0.539326	11.196096
0.379310	9.864885
0.494253	15.263289
0.292135	8.920771
0.362500	8.218897
0.579710	13.872737
0.511111	10.424017
0.434783	13.990927
0.303371	8.762278
0.258427	8.918044
0.382022	8.574698
0.292135	10.478904
0.277778	8.757577
0.244444	8.328277
0.244444	9.586084
0.366667	8.752523
0.244444	9.796948
0.388889	10.205584
0.460674	12.495047
0.255556	9.259602
0.366667	10.831514
0.356322	15.005164
0.258427	9.191953
0.325000	9.642019
0.322222	12.579573
0.270588	7.675727
0.505618	13.362672
0.325843	8.742525


Network Friendly Overlay Routing
0.226415	7.034169
0.382022	9.602907
0.258889	9.200069
0.274625	10.222033
0.226415	7.583584
0.226415	6.105780
0.226415	8.030371
0.226415	8.565268
0.251252	9.362993
0.226415	9.015677
0.226415	8.347463
0.232380	11.543325
0.226415	6.713311
0.226415	10.209333
0.226415	10.022554
0.226415	7.788103
0.226415	6.416314
0.226415	8.247924
0.226415	6.372281
0.226415	11.151012
0.260260	8.441719
0.254035	9.864545
0.226415	7.237653
0.226415	8.147460
0.226415	7.483620
0.226415	8.210571
0.226415	6.204358
0.226415	6.134220
0.226415	6.694577
0.226415	5.596383
0.226415	7.085824
0.226415	5.849181
0.226415	7.127771
0.226415	5.781365
0.226415	7.199112
0.226415	5.543653
0.226415	8.879390
0.226415	8.467832
0.268263	13.113732
0.255062	8.403922
0.282336	10.689019
0.264579	8.094705
0.251069	8.340329
0.233606	10.154819
0.226415	8.136369
0.226415	7.688467
0.226415	6.165228
0.226415	7.446222
0.226415	6.789198
0.226415	6.295558


TEvsOR    ²©ÞÄ:
0.217391	10.010855
0.430380	11.235060
0.300000	8.692680
0.448276	10.817140
0.393258	13.590001
0.950000	11.870506
0.405797	12.718016
0.342105	11.125553
0.387500	9.431940
0.404494	11.169426
0.337079	12.908939
0.588889	19.577813
0.507246	18.711173
0.579710	18.565478
0.347826	15.275355
0.415730	15.116864
0.587500	18.742685
0.348315	14.081668
0.402299	15.783281
0.347826	9.252596
0.359551	13.828233
0.275362	10.380511
0.449275	14.617760
0.292135	12.606089
0.426966	13.647401
0.347826	18.160012
0.300000	11.366151
0.288889	14.377938
0.405797	11.780667
0.292135	15.430883
0.388889	10.949336
0.325843	13.111491
0.579710	20.118743
0.449275	11.086669
0.449275	14.262331
0.544444	12.408620
0.449275	15.619743
0.840580	29.870746
0.217391	8.724428
0.449275	11.373899
0.348315	9.684321
0.449275	14.269609
0.359551	11.384929
0.463768	14.582531
0.536232	21.511915
0.449275	16.588964
0.528090	21.332835
0.411111	11.824850
0.528090	14.931610
0.348315	14.974596


Network Friendly Overlay Routing
0.217391	10.010855
0.430380	12.200012
0.306742	12.236637
0.323333	12.667783
0.297875	10.990304
0.349623	14.374137
0.303311	12.616478
0.303293	12.106881
0.305362	12.318511
0.224809	10.854429
0.231884	8.731615
0.237456	9.538693
0.235851	9.838206
0.240000	12.138410
0.260675	10.784958
0.217391	10.325743
0.262388	11.583623
0.324627	11.719009
0.301277	11.525895
0.299516	11.664998
0.303348	9.816679
0.308883	12.242618
0.275362	10.331504
0.275362	10.006264
0.294490	10.044928
0.275362	12.108095
0.297101	13.981244
0.357971	12.759779
0.359759	12.918993
0.310207	12.472443
0.398246	14.873583
0.389947	11.719085
0.393856	10.254189
0.365346	10.685484
0.336859	10.911513
0.319715	11.639931
0.285186	10.440752
0.310796	12.655262
0.331241	8.657916
0.284042	8.757374
0.282500	13.082417
0.281000	11.494799
0.297367	7.877393
0.298500	14.204661
0.275362	9.405174
0.275362	16.862994
0.209724	9.105446
0.241843	8.735596
0.220632	10.745936
0.256107	12.153520


TEvsOR    ²©ÞÄ:
0.200000	6.956077
0.460674	10.086342
0.237500	7.639907
0.474227	12.115019
0.278351	9.177894
0.273973	8.467199
0.594203	15.080827
0.280899	10.701440
0.275362	8.833860
0.463768	12.953299
0.303371	9.295960
0.494845	13.553689
0.329897	12.933430
0.371134	12.355343
0.387500	14.205629
0.696629	18.668444
0.275362	9.485821
0.275862	13.390587
0.292135	15.185131
0.387500	12.408514
0.292135	11.644209
0.425000	11.907879
0.367816	16.246214
0.608696	19.228757
0.325843	15.219184
0.314607	12.522477
0.333333	13.693294
0.404494	15.309121
0.426966	13.448804
0.359551	13.583113
0.463768	14.226649
0.382022	15.639077
0.463768	11.741958
0.371134	13.211006
0.348315	12.421031
0.404494	14.749999
0.556701	9.601966
0.449438	13.659512
0.329897	12.177208
0.484536	12.278480
0.463768	11.007773
0.329897	13.969983
0.422680	14.246435
0.329897	12.177208
0.484536	12.278480
0.463768	11.007773
0.329897	13.969983
0.422680	14.246435
0.329897	12.177208
0.484536	12.278480


Network Friendly Overlay Routing
0.200000	6.956077
0.460674	10.086342
0.237500	9.700800
0.233750	11.488527
0.212899	9.566751
0.242309	7.217342
0.267413	8.847538
0.284057	11.934460
0.258307	9.476860
0.240147	11.443000
0.288061	7.940101
0.292384	10.550565
0.300000	12.819728
0.275362	8.779789
0.279371	10.635021
0.330928	16.241966
0.317011	14.568526
0.322206	11.729114
0.292929	14.592169
0.315362	8.671952
0.287916	9.848342
0.332566	11.221081
0.373609	10.798168
0.336069	8.792248
0.347205	8.210758
0.313428	10.914490
0.252874	12.978082
0.203693	8.790706
0.219352	10.178518
0.253315	11.132678
0.250515	11.410042
0.249897	8.039074
0.278351	8.506865
0.264595	13.538219
0.275362	9.855021
0.288067	13.340409
0.273973	12.765915
0.241250	10.288526
0.269863	14.637672
0.264706	14.081145
0.278266	9.696438
0.270639	13.843447
0.264706	13.710250
0.308617	8.074867
0.302919	9.250136
0.293439	14.421265
0.287118	10.829642
0.277378	7.355200
0.278351	8.600530
0.334962	7.672995


