TEvsOR    ²©ÞÄ:
0.171429	147.000000
0.348315	232.000000
0.235955	283.000000
0.337500	300.000000
0.511111	220.000000
0.455556	223.000000
0.500000	263.000000
0.674157	228.000000
0.595506	287.000000
0.350000	316.000000
0.652174	411.000000
0.298851	291.000000
0.359551	309.000000
0.357143	238.000000
0.478261	262.000000
0.595506	282.000000
0.608696	264.000000
0.450000	341.000000
0.425287	371.000000
0.413793	238.000000
0.688889	315.000000
0.494382	389.000000
0.362319	376.000000
0.333333	315.000000
TE unfeasible


Network Friendly Overlay Routing
0.171429	147.000000
0.325000	263.981818
0.289855	270.695455
0.336404	286.629909
0.291954	278.737752
0.247926	383.340620
0.258427	289.852793
0.266325	264.396400
0.242572	261.026741
0.244616	262.772453
0.263768	277.038120
0.241379	352.267542
0.231034	251.532062
0.241379	225.744672
0.269167	313.446849
0.227668	277.883171
0.223216	293.189339
0.208773	270.702115
0.259601	277.228263
0.187416	231.658150
0.187788	300.559715
0.190000	289.048780
0.218551	268.237804
0.281159	237.762720
0.206975	311.702015
0.241477	258.829142
0.242655	293.220473
0.230748	274.439366
0.226059	297.952134
0.265843	259.990228
0.249922	308.198015
0.239966	304.176175
0.274625	348.208322
0.264377	379.166648
0.273495	323.136874
0.250877	323.485298
0.233333	330.494345
0.233198	265.344531
0.223404	217.749850
0.223404	270.627955
0.229770	328.666674
0.247818	223.314817
0.247163	227.920583
0.246312	219.066782
0.235921	229.791743
0.242432	313.632977
0.237720	288.063873
0.246123	280.268751
0.265848	301.034012
0.273164	297.415838


TEvsOR    ²©ÞÄ:
0.162500	184.000000
0.484536	168.000000
0.505155	195.000000
0.484536	221.000000
0.567010	205.000000
0.432990	187.000000
0.329897	196.000000
0.337500	244.000000
0.303371	284.000000
0.270270	300.000000
0.594203	361.000000
0.573034	298.000000
0.855072	328.000000
0.404494	379.000000
0.321839	261.000000
0.536232	383.000000
0.275362	238.000000
0.311111	239.000000
0.337079	222.000000
0.314607	238.000000
0.438202	303.000000
0.400000	354.000000
0.370787	207.000000
0.422222	229.000000
0.444444	200.000000
0.460674	282.000000
0.528090	313.000000
0.436782	285.000000
0.640449	217.000000
0.651685	319.000000
0.449438	269.000000
0.471910	258.000000
0.536232	270.000000
0.478261	197.000000
0.696629	269.000000
0.696629	193.000000
0.606742	336.000000
0.651685	276.000000
0.483146	284.000000
0.292135	386.000000
0.264368	241.000000
0.449438	377.000000
0.300000	259.000000
0.412371	271.000000
0.391304	302.000000
0.379310	333.000000
0.528090	346.000000
0.231884	316.000000
0.426966	248.000000
0.587629	292.000000


Network Friendly Overlay Routing
0.162500	184.000000
0.484536	178.636364
0.484536	183.279091
0.503093	180.700000
0.350515	239.903433
0.240598	221.917610
0.171429	267.491613
0.199885	317.545064
0.229801	303.349202
0.199053	281.180597
0.202512	259.016242
0.197547	218.374023
0.201667	297.780133
0.228566	270.623069
0.212500	280.011988
0.250309	310.542072
0.209782	189.812393
0.272716	244.544288
0.257551	237.145881
0.287017	301.629317
0.223102	240.028578
0.258843	185.976021
0.280269	151.419479
0.265380	211.480089
0.311696	176.079111
0.306235	164.689278
0.292951	198.519727
0.344492	152.481866
0.299385	183.544380
0.262316	213.712083
0.303440	163.021320
0.264575	275.766531
0.281656	168.899583
0.300420	179.576480
0.260649	243.373900
0.291482	185.168130
0.273772	216.826432
0.250748	207.652522
0.312356	264.514355
0.251424	248.427940
0.294973	234.332189
0.267130	191.729935
0.263088	217.891754
0.326545	167.696416
0.348948	174.859886
0.311807	220.451611
0.314628	202.136581
0.334702	194.281317
0.347237	200.727632
0.309539	230.494755


TEvsOR    ²©ÞÄ:
0.240000	185.000000
0.344444	177.000000
0.337500	196.000000
0.540230	256.000000
0.376812	248.000000
0.516854	253.000000
0.533333	280.000000
0.768116	292.000000
0.463768	317.000000
0.411111	233.000000
0.337500	270.000000
0.811594	173.000000
0.525000	298.000000
0.786517	264.000000
0.758621	356.000000
0.528090	321.000000
0.617978	319.000000
0.651685	319.000000
TE unfeasible


Network Friendly Overlay Routing
0.240000	185.000000
0.348315	237.568333
0.381111	214.975667
0.397111	206.520833
0.373656	136.313220
0.344444	205.163217
0.427111	192.031847
0.405261	179.857897
0.394842	238.046114
0.383702	164.990496
0.344444	185.363007
0.351111	233.377571
0.260000	303.226709
0.283556	236.327789
0.348926	226.721327
0.383639	232.058517
0.401676	229.013978
0.344409	275.824283
0.334385	193.085462
0.365608	255.010067
0.335156	239.396624
0.340000	173.854481
0.329588	233.649355
0.325131	245.622344
0.387629	170.767722
0.364917	187.782513
0.331059	207.071471
0.297062	202.850854
0.273012	291.379678
0.286657	231.142411
0.314664	251.952341
0.300784	228.929967
0.314448	215.263402
0.298951	140.295235
0.248636	302.475521
0.240000	288.078109
0.241390	320.133048
0.249723	305.687019
0.318973	172.713548
0.325667	285.981932
0.320033	204.491554
0.326724	241.756574
0.245006	243.911850
0.291269	205.232491
0.378649	244.968092
0.369788	184.276458
0.330689	167.299540
0.321007	189.249271
0.330024	195.761168
0.333333	226.233054


TEvsOR    ²©ÞÄ:
0.181818	204.000000
0.511111	154.000000
0.388889	189.000000
0.471264	237.000000
0.318841	204.000000
0.662500	236.000000
0.550562	172.000000
0.662500	207.000004
0.550562	249.000000
0.246377	313.000000
0.300000	223.000000
0.362500	257.000000
0.584270	359.000000
0.537500	282.000000
0.402062	300.000000
0.362500	243.000000
0.537500	375.000000
0.289855	174.000000
0.250000	292.000000
0.521739	344.000000
0.376812	229.000000
0.575000	274.000000
0.400000	302.000000
0.463768	329.000000
0.507246	272.000000
0.811594	345.000000
0.405797	251.000000
0.471264	299.000002
0.449275	320.000000
0.363636	278.000000
0.405797	386.000000
0.637681	364.000000
0.325000	208.000000
0.387500	274.000000
0.360825	253.000000
0.637681	314.000000
0.608696	273.000000
0.640449	329.000000
0.811594	315.000000
0.405797	334.000000
0.600000	339.000000
0.400000	251.000000
0.391753	193.000000
0.637681	293.000000
0.494382	363.000000
0.637681	244.000000
0.550000	434.000000
0.298969	308.000000
0.540230	328.000000
0.319588	285.000000


Network Friendly Overlay Routing
0.181818	204.000000
0.388889	255.438095
0.246377	196.435714
0.246377	208.620727
0.320290	206.307009
0.287020	267.069474
0.327329	222.415465
0.274863	202.355607
0.291933	238.686107
0.293355	297.094171
0.253500	271.624115
0.235483	231.094502
0.206154	237.284063
0.197740	220.232426
0.193877	220.089209
0.181818	209.557473
0.203434	274.779880
0.223684	230.488673
0.253333	288.898619
0.289942	256.358019
0.278733	214.612906
0.260003	241.634340
0.255091	246.192212
0.227138	250.160036
0.220196	241.546299
0.276876	205.751836
0.274431	220.946453
0.247920	259.608476
0.322296	146.995068
0.317492	265.223564
0.323030	218.130439
0.281444	328.739621
0.299749	230.903892
0.389673	170.857425
0.377476	361.303333
0.353623	205.746052
0.298841	262.070223
0.353623	174.872891
0.318841	255.326077
0.358542	253.440810
0.304307	285.470548
0.331247	296.932174
0.276128	245.401335
0.276090	321.923309
0.339323	206.736101
0.345315	282.968851
0.342901	272.414318
0.287424	148.071787
0.277999	342.687995
0.265746	268.545376


TEvsOR    ²©ÞÄ:
0.220000	177.000000
0.741573	314.000000
0.300000	170.000000
0.606742	315.000000
0.412500	205.000000
0.460674	223.000000
0.475000	256.000000
0.555556	292.000000
0.325000	228.000000
0.662921	222.000000
0.360825	209.000000
0.362500	273.000000
0.426966	239.000000
0.537500	276.000000
0.483146	249.000000
0.360825	211.000000
0.412371	224.000000
0.625000	295.000000
0.402062	247.000000
0.483146	300.000000
0.412371	239.000000
0.775000	316.000000
0.300000	194.000000
0.415730	281.000000
0.625000	242.000000
0.393258	189.000000
0.750000	266.000000
0.512500	289.000000
0.512500	320.000000
0.898551	225.000000
0.528736	366.000000
0.768116	216.000000
0.525000	235.000000
TE unfeasible


Network Friendly Overlay Routing
0.220000	177.000000
0.741573	314.425000
0.298889	202.898929
0.275222	174.487726
0.255556	253.830525
0.255556	285.005553
0.262738	241.723077
0.246037	268.811971
0.218182	287.179304
0.265551	298.072968
0.226087	269.389724
0.239963	237.189007
0.270043	256.766906
0.317379	236.039108
0.357263	244.874154
0.309889	254.074637
0.281009	239.376212
0.307979	196.497896
0.265908	277.587494
0.265556	182.954162
0.255556	232.932752
0.265476	246.971792
0.237470	202.776593
0.280222	206.510609
0.247622	263.669488
0.262676	250.631280
0.264287	211.562388
0.261140	342.625817
0.300000	198.348604
0.273333	229.189542
0.243278	257.548833
0.282629	264.227415
0.236251	287.114668
0.243750	321.575434
0.308264	272.439664
0.400410	206.995615
0.374575	256.313720
0.330281	233.076056
0.383447	186.236204
0.381814	250.005876
0.339692	232.008943
0.348266	286.754060
0.329698	180.407770
0.278040	271.618227
0.263295	313.722902
0.255556	291.800953
0.290039	278.706564
0.289749	265.460039
0.298674	230.718443
0.292711	308.787612


TEvsOR    ²©ÞÄ:
0.191176	237.000000
0.322222	214.000000
0.322222	237.000000
0.255556	242.000000
0.433333	230.000000
0.266667	287.000000
0.337500	319.000000
0.255556	262.000000
0.300000	221.000000
0.337500	318.000000
0.622222	265.000000
0.300000	276.000000
0.655172	368.000000
0.370787	293.000000
0.471910	281.000000
0.662921	402.000000
0.297619	230.000000
0.674157	400.000000
0.300000	246.000000
0.325000	377.000000
0.337500	236.000000
0.640449	388.000000
0.292135	206.000000
0.436782	338.000000
0.426966	328.000000
0.579710	244.000000
0.608696	371.000000
0.449438	306.000000
0.426966	403.000000
0.366667	425.000000
0.217391	240.000000
0.370787	329.000000
0.333333	350.000000
0.242857	276.000000
0.344444	280.000000
0.478261	294.000000
0.344444	301.000000
0.366667	197.000000
0.377778	227.000000
0.300000	352.000000
0.600000	383.000000
0.433333	228.000000
0.404494	317.000000
0.294118	234.000001
0.463768	445.000000
0.224138	275.000000
0.426966	359.000000
0.277778	385.000000
0.322222	193.000000
0.586207	342.000000
0.533333	313.000000
0.288889	294.000000
0.337079	225.000000
0.433333	366.000000
0.426966	317.000000
0.426966	377.000000
0.292135	351.000000
0.426966	333.000000
0.595506	431.000000
0.483146	380.000000
0.449438	514.000000
0.370787	333.000000
0.475000	275.000000
0.600000	322.000000
0.322222	327.000000
0.724638	447.000000
0.213483	356.000000
0.577778	330.000000
0.275000	188.000000
0.347826	260.000000
0.255556	234.000000
0.444444	202.000000
0.483146	282.000000
0.366667	300.000000
0.444444	210.000000
0.477778	298.000000
0.344444	216.000000
0.337500	406.000000
0.266667	270.000000
0.517241	402.000000
0.511111	228.000000
0.411111	280.000000
0.685393	356.000000
0.544444	228.000000
0.433333	283.000000
0.449438	311.000000
0.411111	344.000000
0.411111	417.000000
0.544444	288.000000
0.544444	270.000000
0.483146	365.000000
0.644444	208.000000
0.511111	282.000000
0.611111	200.000000
0.611111	324.000000
0.611111	292.000000
0.511111	247.000000
0.611111	272.000000
0.611111	215.000000
0.477778	221.000000


Network Friendly Overlay Routing
0.191176	237.000000
0.322222	256.051905
0.228986	257.679286
0.191750	254.434970
0.208744	347.396889
0.203034	306.269522
0.234870	313.859813
0.265648	225.075035
0.286224	230.740061
0.237778	362.435230
0.209111	352.256798
0.236111	225.238608
0.248889	255.860803
0.271222	269.080146
0.230711	333.435385
0.233830	279.726288
0.255461	248.615425
0.288766	255.282189
0.288730	210.651796
0.288682	306.612039
0.255286	261.755182
0.276590	241.711166
0.273356	294.529572
0.268240	280.227099
0.262046	297.124448
0.288120	220.000829
0.277556	237.420528
0.263866	208.342592
0.299678	231.377453
0.326248	185.272815
0.337770	281.602046
0.396543	159.644836
0.372640	231.959586
0.363925	197.924566
0.374592	180.607105
0.360303	202.464796
0.298394	191.322938
0.267319	431.466697
0.288992	220.416947
0.288889	310.693573
0.262137	233.306525
0.277282	289.267585
0.284404	246.604460
0.275362	232.081718
0.281310	248.349283
0.325953	197.500285
0.373739	256.576929
0.331820	302.691902
0.314699	251.349573
0.282958	294.894985
0.218545	215.209429
0.279356	234.221798
0.276497	190.551109
0.318889	224.746859
0.255556	224.182276
0.255556	230.859873
0.255556	210.087641
0.275389	231.654608
0.255556	224.362142
0.255556	277.663821
0.197359	285.298841
0.208375	332.026579
0.232222	219.100100
0.283648	279.617141
0.230380	280.845753
0.299494	239.711195
0.250709	322.574281
0.242634	387.395352
0.260870	238.916948
0.220641	356.821356
0.244497	286.105720
0.232279	312.496680
0.242553	344.001952
0.255556	297.069354
0.288889	329.706668
0.288889	316.706010
0.255556	282.651002
0.261011	242.571073
0.255556	296.410929
0.265568	299.217209
0.245556	295.406019
0.286396	220.194469
0.264444	255.020681
0.288889	246.755792
0.335556	233.568836
0.302889	246.043904
0.315322	267.213233
0.256016	314.411048
0.256895	267.417054
0.273963	255.802735
0.269485	270.632253
0.263664	269.377822
0.308319	212.436583
0.280778	242.517949
0.275011	307.257237
0.356395	270.152763
0.341092	295.861352
0.309922	265.433751
0.288889	287.624427
0.296941	404.473446


TEvsOR    ²©ÞÄ:
0.200000	207.000000
0.377778	290.000000
0.640449	375.000000
0.434783	284.000000
0.434783	284.000000
0.434783	263.000000
0.400000	249.000000
0.463768	397.000000
0.263158	261.000000
0.528090	282.000000
TE unfeasible


Network Friendly Overlay Routing
0.200000	207.000000
0.377778	317.730000
0.392135	314.827636
0.260870	230.804458
0.233912	314.577969
0.260870	272.713165
0.279855	338.785338
0.292546	304.150655
0.260870	257.219687
0.303043	271.050835
0.263522	331.286989
0.262709	412.147878
0.299250	259.186546
0.326087	335.048145
0.270870	272.259601
0.249464	265.658282
0.308175	260.284888
0.255710	290.899838
0.295696	244.041806
0.278489	243.606790
0.362036	226.666314
0.335647	266.189683
0.260870	263.331898
0.330579	261.974700
0.266667	183.488121
0.304477	270.552373
0.324681	258.054972
0.295940	354.298488
0.294981	262.342671
0.282649	242.291965
0.320505	232.572784
0.264946	268.866181
0.292108	234.257253
0.298549	271.784264
0.267125	251.198476
0.298551	301.934846
0.298941	228.344081
0.293246	321.594203
0.296198	240.996147
0.326021	395.596198
0.423828	332.661301
0.420541	354.002648
0.416268	325.300144
0.425207	346.849625
0.403494	417.719394
0.394107	322.149401
0.381904	242.809463
0.366041	317.598252
0.345418	345.318223
0.318609	301.772211
0.302222	271.181628
0.368884	301.874754
0.349115	364.294421
0.323415	315.521788
0.309171	239.342470
0.299833	290.035048
0.288188	204.190664
0.339130	420.076795
0.304489	305.227841
0.268021	335.679549
0.310046	381.849663
0.280623	337.723298
0.341087	280.962746
0.312978	430.622274
0.302222	282.438491
0.369151	312.139989
0.348538	289.458862
0.401516	300.145397
0.369778	318.673337
0.385117	353.690429
0.488460	274.969144
0.429777	293.812335
0.428275	216.328143
0.426323	265.415516
0.423785	184.445554
0.420486	285.622992
0.416197	192.153969
0.410622	192.447008
0.403373	204.147803
0.393950	319.381285
0.381701	276.950594
0.365776	346.499207
0.403045	303.847930
0.371930	234.476206
0.283175	313.526173
0.351233	283.377641
0.346602	263.243952
0.366667	290.515678
0.353917	262.558195
0.339130	277.952307
0.339150	324.403829
0.403737	275.493126
0.392998	356.795087
0.374810	211.623406
0.356819	233.322333
0.333430	243.714094
0.329375	327.961429
0.393931	394.032136
0.368864	325.910666
0.349088	264.006639


TEvsOR    ²©ÞÄ:
0.182796	7.620671
0.258427	6.978652
0.477778	9.884449
0.258427	7.222885
0.228571	7.818526
0.337500	7.033103
0.420290	9.067943
0.333333	6.412607
0.311111	6.843768
0.411111	5.949316
0.287500	6.788981
0.355556	8.809268
0.400000	7.727248
0.438202	9.366935
0.355556	9.491401
0.277778	6.596061
0.300000	6.465713
0.367816	12.277266
0.269663	9.338809
0.405797	9.781796
0.247191	9.982384
0.275362	11.028706
0.348315	10.994004
0.500000	9.271373
0.466667	13.013191
0.333333	9.091987
0.522222	11.167714
0.269663	11.155814
0.426966	11.918097
0.494382	12.571452
0.312500	9.052956
0.637681	11.900335
0.333333	9.456143
0.512500	13.114637
0.438202	11.213574
0.687500	16.974878
0.382022	10.537666
0.338235	10.981400
0.494382	14.220507
0.333333	12.444864
0.362500	11.836909
0.420290	9.574991
0.360825	13.179434
0.724638	17.322603
0.460674	14.579222
0.400000	13.537562
0.292135	11.684784
0.292135	9.708119
0.437500	16.254568
0.449438	12.021878
0.279570	12.112681
0.300000	8.368030
0.333333	11.138541
0.277778	8.387126
0.277778	8.387126
0.277778	8.387126
0.277778	8.387126
0.277778	8.387126
0.277778	8.387126
0.277778	8.387126
0.277778	8.387126
0.277778	8.387126
0.277778	8.387126
0.277778	8.387126
0.277778	8.387126
0.277778	8.387126
0.277778	8.387126
0.277778	8.387126
0.277778	8.387126
0.277778	8.387126
0.277778	8.387126
0.277778	8.387126
0.277778	8.387126
0.277778	8.387126
0.277778	8.387126
0.277778	8.387126
0.277778	8.387126
0.277778	8.387126
0.277778	8.387126
0.277778	8.387126
0.277778	8.387126
0.277778	8.387126
0.277778	8.387126
0.277778	8.387126
0.277778	8.387126
0.277778	8.387126
0.277778	8.387126
0.277778	8.387126
0.277778	8.387126
0.277778	8.387126
0.277778	8.387126
0.277778	8.387126
0.277778	8.387126
0.277778	8.387126
0.277778	8.387126
0.277778	8.387126
0.277778	8.387126
0.277778	8.387126
0.277778	8.387126
0.277778	8.387126


Network Friendly Overlay Routing
0.182796	7.620671
0.258427	7.293712
0.280899	8.426933
0.279775	7.986899
0.236250	6.364512
0.239625	6.029070
0.237333	7.152804
0.278756	7.458172
0.282493	5.948947
0.320575	5.508178
0.355556	8.279703
0.246211	5.834367
0.304296	6.646229
0.277778	7.407188
0.290000	5.774569
0.300000	6.270027
0.296667	7.321031
0.245000	7.459353
0.255905	8.128997
0.275586	8.610230
0.195042	7.474394
0.214502	6.535437
0.272680	6.665216
0.287077	8.174909
0.358540	7.158842
0.302050	5.550187
0.304136	7.039406
0.283766	5.950638
0.312840	7.045843
0.293693	7.709254
0.246191	7.642172
0.213085	6.733472
0.228996	8.440475
0.259650	7.759390
0.327545	7.064287
0.349364	5.375607
0.300000	6.892959
0.295869	6.674727
0.241271	6.125993
0.204222	7.338436
0.263922	8.204196
0.233303	7.025315
0.258098	12.726670
0.254166	7.340869
0.289166	7.108638
0.275889	11.124204
0.280899	9.509929
0.292135	6.838053
0.260691	7.660982
0.292135	7.597823
0.254452	8.419816
0.311642	10.961765
0.300648	7.662988
0.293582	11.826628
0.279990	7.286474
0.283103	6.341925
0.271910	8.091266
0.302431	9.949933
0.333333	10.447999
0.287508	8.380083
0.325000	7.955445
0.325000	7.082758
0.325000	7.692699
0.337500	9.205924
0.299136	8.722939
0.322400	11.018160
0.299933	7.146149
0.289913	9.124856
0.276887	6.701906
0.272280	9.599765
0.263964	6.255638
0.313455	8.291288
0.295866	6.991188
0.291293	7.618993
0.278681	6.501942
0.268696	7.083773
0.310904	6.227289
0.300000	6.110974
0.284652	10.260755
0.307854	6.819802
0.279463	7.093207
0.300000	6.097118
0.296667	7.862976
0.310000	5.580139
0.300000	6.277851
0.293333	7.707261
0.288876	5.377729
0.290873	5.701018
0.300000	7.397661
0.326667	9.816527
0.313000	7.274020
0.296801	5.628220
0.295841	6.634061
0.300000	6.738545
0.300000	9.230274
0.350000	5.513114
0.328333	5.473201
0.300167	5.070189
0.326667	6.802895
0.296667	5.333220


TEvsOR    ²©ÞÄ:
0.185185	4.645104
0.246377	4.738976
0.275362	5.823507
0.190476	6.470816
0.275362	6.417325
0.225000	6.898901
0.191011	7.158393
0.347826	7.097552
0.292135	6.416517
0.224719	6.257783
0.202247	6.570228
0.260870	8.839650
0.246377	5.598217
0.333333	8.449878
0.186441	6.045437
0.347826	7.131170
0.280899	8.259663
0.191011	6.775582
0.247191	8.735190
0.275000	7.237493
0.362319	8.708364
0.246377	8.465137
0.348315	8.972202
0.246377	6.818793
0.250000	7.831541
0.275000	7.711618
0.379310	9.862543
0.292135	6.388245
0.388889	11.016288
0.202247	6.607412
0.483146	10.940637
0.191011	5.729632
0.288889	8.602410
0.275862	9.412294
0.269663	7.042018
0.412500	9.870316
0.260274	9.599168
0.562500	10.711044
0.269663	7.499197
0.436782	9.220482
0.359551	7.993178
0.359551	9.441120
0.359551	10.112042
0.359551	9.585075
0.269663	7.982808
0.250000	7.019025
0.271429	7.879690
0.264368	10.131463
0.292135	6.075553
0.348315	8.466907
0.300000	9.807446
0.311111	9.853253
0.225000	8.067339
0.280899	7.589750
0.213483	8.589581
0.310345	9.040662
0.321839	7.505344
0.214286	9.554718
0.214286	7.916731
0.487500	9.232522
0.280899	10.279936
0.247191	8.714315
0.289855	9.101671
0.348315	7.240634
0.202247	7.018722
0.275362	5.725140
0.247191	8.268733
0.415730	11.054919
0.185185	6.308935
0.275362	7.047683
0.191011	6.688976
0.347826	9.116214
0.314607	11.682629
0.333333	10.864783
0.202899	6.412449
0.202899	7.526397
0.226190	6.699728
0.247191	7.849274
0.235955	7.745512
0.226190	8.688337
0.255556	7.725488
0.292135	8.082082
0.213483	6.350021
0.213483	6.560390
0.367816	8.106847
0.303371	9.063113
0.359551	8.204996
0.287356	10.724425
0.200000	6.890812
0.325843	8.476979
0.438202	8.028885
0.190476	6.516966
0.190476	6.528777
0.202899	7.399863
0.213483	8.116518
0.224719	8.656827
0.275362	6.181625
0.202381	5.653575
0.262500	7.801933
0.314607	8.336313


Network Friendly Overlay Routing
0.185185	4.645104
0.246377	5.690898
0.185185	5.071626
0.186905	5.551768
0.191011	5.959344
0.202899	6.718223
0.202899	6.921305
0.185185	5.933130
0.202899	6.071221
0.210063	7.737968
0.208618	8.240019
0.187778	6.016654
0.194341	7.758124
0.194652	6.669491
0.216497	6.683188
0.195468	6.800139
0.202047	7.331947
0.221701	7.821171
0.193576	6.423068
0.202899	6.589139
0.230862	8.570450
0.226472	7.127337
0.190207	7.095591
0.202899	8.137060
0.203994	6.783761
0.202899	7.181226
0.236483	8.024200
0.202899	8.198325
0.197321	6.301030
0.202908	6.191183
0.196796	7.271220
0.195151	7.018055
0.214286	7.924976
0.227855	8.377719
0.191011	5.907926
0.226102	6.642196
0.223426	5.000350
0.205882	6.398638
0.246377	7.539118
0.214286	6.685553
0.221115	8.007709
0.217391	6.642573
0.246377	6.637471
0.221111	6.113915
0.208426	7.767189
0.221111	6.649555
0.233333	7.128987
0.191011	6.022860
0.220145	6.623237
0.202899	7.794597
0.191011	6.144270
0.212472	6.469134
0.216055	6.815504
0.223625	6.355204
0.209930	8.029719
0.214315	5.641185
0.231884	6.165846
0.224167	9.139654
0.232426	5.849821
0.228241	9.612316
0.232877	8.381293
0.215728	8.019371
0.222859	8.254409
0.228130	7.405729
0.218226	8.597696
0.241719	8.374397
0.212099	8.227371
0.236397	7.486368
0.213483	8.998183
0.206864	6.755724
0.223289	8.527786
0.225000	8.640985
0.281272	6.236471
0.241867	9.164591
0.235294	9.742653
0.216700	5.800468
0.208558	5.736758
0.246377	6.758798
0.231884	6.395603
0.205882	6.990324
0.231884	7.874680
0.202899	6.510035
0.202899	7.298015
0.202966	8.556573
0.221111	6.699246
0.211186	7.512654
0.229667	6.501649
0.202899	7.775809
0.192647	6.574765
0.202899	6.028759
0.228571	6.463560
0.212000	8.374877
0.233333	9.107818
0.202899	7.767967
0.221111	9.040454
0.225000	6.690670
0.225000	6.442044
0.225000	5.210736
0.236232	7.244216
0.225000	5.867870


TEvsOR    ²©ÞÄ:
0.175258	5.457325
0.350515	8.281178
0.260870	7.518545
0.379310	12.515101
0.247191	7.606968
0.275862	8.317899
0.318841	7.638005
0.344444	8.169887
0.356322	9.752397
0.300000	7.066592
0.318841	7.177942
0.425000	12.181427
0.261905	7.548289
0.247191	8.038824
0.288889	6.621793
0.400000	9.430567
0.311111	10.887604
0.402299	11.277956
0.348315	8.324819
0.382022	6.833663
0.550562	13.655429
0.268041	6.878318
0.377778	8.349833
0.340206	5.491220
0.303371	11.305932
0.362319	9.007076
0.288889	5.981127
0.325843	8.220352
0.280899	7.892714
0.333333	8.406123
0.477778	12.950418
0.277778	8.027360
0.280899	7.012175
0.280899	8.269105
0.575000	12.235106
0.348315	9.776491
0.280899	9.655780
0.337500	8.856306
0.426966	11.778478
0.289855	9.892721
0.474227	11.828062
0.288660	7.040788
0.404494	12.422879
0.405797	9.174750
0.483146	11.339521
0.247191	8.608079
0.250000	10.336105
0.252874	8.081293
0.311111	10.881334
0.280899	8.140992
0.371134	9.611042
0.292135	7.712694
0.333333	8.571606
0.289855	7.351529
0.266667	6.487009
0.333333	7.329177
0.377778	7.365904
0.333333	10.558496
0.298969	11.060413
0.278351	6.481849
0.292135	10.720797
0.309524	7.071847
0.277778	8.661041
0.292135	8.506408
0.289855	9.709697
0.412371	12.706620
0.321429	8.348583
0.292135	9.352763
0.333333	8.302211
0.362319	8.992883
0.303371	9.408463
0.422222	10.514186
0.303371	9.535519
0.294118	12.493524
0.348315	9.992893
0.422222	9.715444
0.405797	12.209630
0.300000	11.861078
0.350515	7.813603
0.477778	12.658095
0.366667	11.885625
0.550725	14.541084
0.292135	11.658359
0.292135	9.146167
0.266667	8.359310
0.297619	10.354164
0.289855	9.332687
0.275000	9.462092
0.321429	9.881483
0.375000	9.327685
0.333333	11.807249
0.303371	8.957249
0.303371	9.535519
0.294118	12.157197
0.288889	9.465122
0.262500	9.787358
0.262500	8.978464
0.289855	9.122877
0.303371	9.188899
0.366667	8.849604


Network Friendly Overlay Routing
0.175258	5.457325
0.350515	8.290201
0.260870	8.897687
0.260870	10.955406
0.216495	6.397928
0.188889	6.955318
0.223742	6.665767
0.188889	7.270597
0.194556	7.503757
0.219937	8.602496
0.285918	10.496888
0.233338	9.229343
0.212488	7.994725
0.234061	9.509062
0.196453	7.327383
0.207284	8.015644
0.255952	8.920457
0.260870	9.142877
0.260870	9.139978
0.211928	8.010743
0.210301	8.442574
0.233662	8.001166
0.253821	8.339603
0.234350	7.214455
0.233521	6.891225
0.250657	6.732657
0.267645	7.545041
0.284430	8.871168
0.248519	5.703505
0.240166	5.881091
0.206640	8.396824
0.268631	7.309607
0.256437	7.406574
0.228245	6.331866
0.221461	6.967139
0.209722	7.114957
0.252201	6.032889
0.249601	7.470475
0.246220	6.707894
0.241825	7.046096
0.242577	7.822662
0.224384	6.729047
0.246377	6.156448
0.235991	6.388450
0.259068	6.310593
0.237113	9.097602
0.221418	7.326269
0.237113	5.627693
0.206503	6.398907
0.236289	7.915610
0.237113	8.321313
0.255670	7.441134
0.227835	6.270666
0.245837	6.782073
0.216495	6.883568
0.237113	6.826516
0.256753	7.479492
0.284294	6.702157
0.267520	5.456695
0.245714	5.564160
0.291903	5.393532
0.277412	5.557818
0.258573	7.692892
0.260314	8.131945
0.281295	8.258104
0.267897	6.997653
0.237113	8.091757
0.240206	7.736483
0.206479	6.305498
0.188889	7.453615
0.200000	6.753010
0.220000	6.630858
0.249511	6.861175
0.259416	7.111032
0.208200	6.619088
0.233269	6.002502
0.247629	6.188543
0.243361	8.167254
0.261856	6.207160
0.250068	6.164323
0.237113	5.867100
0.237113	6.527739
0.240206	5.671166
0.246377	8.398925
0.293773	8.780225
0.258546	8.943523
0.241811	7.567020
0.265790	6.399506
0.264992	6.806154
0.247629	8.021072
0.224711	6.889166
0.260870	10.634336
0.256703	7.056378
0.239281	7.470068
0.213299	5.686845
0.237113	8.395634
0.255670	8.523937
0.332371	6.797109
0.314557	6.897707
0.291398	6.765472


TEvsOR    ²©ÞÄ:
0.204082	7.520186
0.288889	8.607896
0.318841	9.069822
0.222222	8.671559
0.333333	8.693241
0.292135	8.881436
0.388889	7.799758
0.292135	10.410015
0.381443	7.030732
0.309278	8.961456
0.309278	8.738410
0.309278	9.092738
0.287500	11.344832
0.637681	14.458713
0.247191	10.002687
0.274510	11.460752
0.438202	14.862089
0.370787	10.263549
0.246377	10.593423
0.280899	7.878534
0.355556	10.974564
0.280899	9.078928
0.322222	7.233095
0.280899	8.639967
0.405797	12.400186
0.362500	10.473487
0.289855	9.635878
0.300000	8.838683
0.297619	9.304353
0.204082	9.918686
0.366667	11.226526
0.376812	10.993232
0.404494	11.260033
0.350000	10.860285
0.275000	8.376548
0.415730	13.935428
0.212500	11.883112
0.377778	8.245744
0.411111	10.422830
0.288889	10.139690
0.222222	8.820693
0.246377	8.818143
0.287500	12.022693
0.237500	9.458595
0.303371	9.120940
0.300000	8.177856
0.539326	15.175448
0.204082	8.228089
0.275362	10.111202
0.304348	7.723683
0.471910	11.940779
0.359551	10.223944
0.449438	15.748405
0.292135	8.838864
0.362500	10.247805
0.348315	8.522246
0.348315	9.076916
0.507246	12.493804
0.204082	8.138211
0.291139	10.124912
0.280899	8.937094
0.337079	7.911125
0.402299	13.073131
0.550562	17.131427
0.333333	8.801528
0.277778	7.723143
0.366667	8.711665
0.463768	12.105874
0.258427	10.281382
0.370787	12.076704
0.370787	12.076704
0.370787	12.076704
0.370787	12.076704
0.370787	12.076704
0.370787	12.076704
0.370787	12.076704
0.370787	12.076704
0.370787	12.076704
0.370787	12.076704
0.370787	12.076704
0.370787	12.076704
0.370787	12.076704
0.370787	12.076704
0.370787	12.076704
0.370787	12.076704
0.370787	12.076704
0.370787	12.076704
0.370787	12.076704
0.370787	12.076704
0.370787	12.076704
0.370787	12.076704
0.370787	12.076704
0.370787	12.076704
0.370787	12.076704
0.370787	12.076704
0.370787	12.076704
0.370787	12.076704
0.370787	12.076704
0.370787	12.076704
0.370787	12.076704


Network Friendly Overlay Routing
0.204082	7.520186
0.288889	8.699776
0.204082	8.383337
0.262921	9.226570
0.257640	9.570707
0.280899	7.924991
0.271417	10.658872
0.280899	6.622730
0.280899	10.052730
0.248822	8.594129
0.270787	8.777686
0.272831	7.607913
0.304119	9.840255
0.287490	7.843446
0.265871	9.244131
0.288329	8.838391
0.284653	9.272434
0.262057	8.782843
0.257351	8.453774
0.240174	8.887015
0.208049	8.386707
0.204082	9.153810
0.262356	9.438363
0.291549	8.248464
0.240811	9.202879
0.280892	10.679142
0.359666	9.979413
0.381049	9.397352
0.329072	10.807996
0.204082	8.508221
0.204082	9.274107
0.204082	7.448570
0.204082	8.318005
0.204082	7.136808
0.204082	7.688009
0.204082	9.246940
0.235257	8.664813
0.205409	7.937643
0.204082	8.136840
0.241237	9.315245
0.239381	11.056207
0.220601	10.378661
0.239485	8.598679
0.204082	9.261141
0.207879	9.347152
0.204905	7.837023
0.204082	7.815903
0.213483	7.682951
0.204082	7.253509
0.204082	8.029399
0.217056	8.848407
0.204082	7.458123
0.251132	9.604691
0.263209	7.794068
0.261759	7.568757
0.268041	7.743424
0.262968	9.047750
0.257425	9.171388
0.318557	7.805684
0.304446	9.032662
0.302381	9.026837
0.263814	8.293028
0.268041	8.658959
0.255027	7.685455
0.278351	7.206176
0.278351	9.128662
0.220194	9.384750
0.214330	8.243350
0.247701	8.600869
0.299110	6.962512
0.268534	7.753991
0.283115	10.171054
0.270111	8.085111
0.278351	7.834272
0.258144	9.157548
0.231464	6.259005
0.278351	8.862996
0.235797	10.392773
0.252788	11.950710
0.238452	9.190655
0.241566	8.678838
0.204082	10.214051
0.236232	10.291380
0.224493	10.038130
0.280985	9.197208
0.267887	9.367729
0.272324	9.744462
0.249888	10.620424
0.247191	8.856548
0.280899	8.752213
0.257303	7.064636
0.268874	8.922350
0.280899	8.261849
0.280899	7.550938
0.267416	10.313201
0.247191	10.283630
0.279438	9.315414
0.294382	8.481253
0.254607	9.075170
0.212222	8.407253


