TEvsOR    博弈:
0.217391	232.000000
0.507246	231.000000
0.587500	177.000000
0.687500	253.000000
0.367816	334.000000
0.637500	239.000000
0.426966	235.000000
0.433333	295.000000
0.426966	311.000000
0.521739	263.000000
0.637500	281.000000
0.350000	337.000000
0.393258	221.000000
0.632184	318.000000
0.387500	234.000000
0.611111	260.000000
0.536232	322.000000
0.912500	355.000000
0.566667	264.000000
0.685393	248.000000
0.434783	240.000000
0.750000	388.000000
0.494382	286.000000
0.426966	268.000000
0.471910	373.000000
0.528090	310.000000
0.367816	230.000000
0.507246	265.000000
0.426966	288.000000
0.367089	317.000000
0.412500	287.000000
0.643678	312.000000
0.483146	306.000000
0.674157	227.000000
0.449438	249.000000
TE unfeasible


TE dictator
0.217391	286.000000

Overlay dictator
105.000000	0.852459



遗传算法2
0.372881	0.372881	189.000000

遗传算法2
0.344262	0.344262	181.000000

遗传算法2
0.342857	0.342857	181.000000

遗传算法2-2
0.342857	0.342857	144.000000

遗传算法2-2
0.320000	0.320000	153.000000

遗传算法2-2
0.555556	0.433333	127.000000

TEvsOR    博弈:
0.236364	179.000000
0.494382	199.000000
0.594203	275.000000
0.380952	231.000000
0.753623	310.000000
0.460674	223.000000
0.797101	266.000000
0.629213	252.000000
0.719101	213.000000
0.625000	274.000000
0.797101	232.000000
0.460674	245.000000
0.710145	328.000000
0.787500	265.000000
0.475000	212.000000
0.700000	227.000000
TE unfeasible


TE dictator
0.236364	244.000000

Overlay dictator
105.000000	0.786885



遗传算法2
0.342857	0.342857	171.000000

遗传算法2
0.384615	0.384615	171.000000

遗传算法2
0.382716	0.382716	156.000000

遗传算法2-2
0.362069	0.362069	142.000000

遗传算法2-2
0.372881	0.372881	156.000000

遗传算法2-2
0.400000	0.400000	148.000000

TEvsOR    博弈:
0.215054	250.000000
0.382022	307.000000
0.425000	265.000000
0.471910	243.000000
0.471910	294.000000
0.764045	182.000000
0.766667	237.000000
0.839080	344.000000
0.460674	402.000000
0.292135	321.000000
0.438202	245.000000
0.896552	331.000000
0.391304	249.000000
0.477778	205.000000
0.896552	407.000000
0.393258	228.000000
0.640449	277.000000
0.640449	251.000000
0.494382	332.000000
0.300000	208.000000
0.722222	154.000000
0.850575	304.000000
0.758621	260.000000
0.853933	344.000000
0.685393	256.000000
0.371429	352.000000
0.357143	239.000000
0.422680	261.000000
0.379310	290.000000
0.561798	264.000000
0.666667	321.000000
0.280899	331.000000
0.328571	392.000000
0.482759	296.000000
0.651685	339.000000
0.659794	286.000000
0.651685	329.000000
0.608247	304.000000
0.782609	223.000000
0.896552	380.000000
0.670103	357.000000
0.670103	366.000000
0.773196	319.000000
0.853933	246.000000
0.887640	333.000000
0.898876	309.000000
0.898876	348.000000
0.898876	314.000000
0.898876	393.000000
0.814433	300.000000
0.814433	447.000000
0.762887	297.000000
0.985507	229.000000
0.701149	284.000000
0.886598	315.000000
TE unfeasible


TE dictator
0.215054	298.000000

Overlay dictator
105.000000	0.583333



遗传算法2
0.355932	0.355932	190.000000

遗传算法2
0.382353	0.382353	185.000000

遗传算法2
0.322222	0.322222	164.000000

遗传算法2-2
0.444444	0.423077	117.000000

遗传算法2-2
0.397059	0.400000	121.000000

遗传算法2-2
0.406780	0.406780	127.000000

TEvsOR    博弈:
0.300000	186.000000
0.466667	225.000000
0.539326	276.000000
0.816092	324.000000
0.608696	213.000000
0.875000	225.000000
0.781609	333.000000
0.505618	207.000000
1.000000	288.000000
0.797753	426.000000
0.517241	351.000000
0.696629	324.000000
0.537500	252.000000
0.633333	267.000000
0.919540	369.000000
0.413793	214.000000
0.955556	295.000000
0.633333	182.000000
0.517241	266.000000
0.533333	256.000000
0.696629	444.000000
0.483146	417.000000
0.507246	243.000000
TE unfeasible


TE dictator
0.300000	216.000000

Overlay dictator
105.000000	0.740000



遗传算法2
0.425287	0.425287	179.000000

遗传算法2
0.402062	0.402062	195.000000

遗传算法2
0.428571	0.428571	182.000000

遗传算法2-2
0.528571	0.528571	130.000000

遗传算法2-2
0.408451	0.408451	150.000000

遗传算法2-2
0.541176	0.470588	121.000000

TEvsOR    博弈:
0.228571	243.000000
0.391304	232.000000
0.426966	194.000000
0.400000	256.000000
0.550000	259.000000
0.329897	238.000000
0.505747	293.000000
0.412500	228.000000
0.377778	241.000000
0.507246	215.000000
0.550562	308.000000
0.370787	311.000000
0.314607	269.000000
0.525000	298.000000
0.411111	307.000000
0.525000	260.000000
0.400000	267.000000
0.555556	203.000000
0.437500	333.000000
0.762500	253.000000
0.608696	282.000000
0.400000	200.000000
0.436782	314.000000
0.483146	360.000000
0.344444	221.000000
0.411111	169.000000
0.412371	245.000000
0.355556	183.000000
0.551724	263.000000
0.324324	236.000000
0.364706	237.999995
0.651685	342.000000
0.471910	269.000000
0.550562	293.000000
0.588889	216.000000
0.528090	288.000000
0.775281	289.000000
0.606742	338.000000
0.471910	343.000000
0.739130	285.000000
0.687500	277.000000
0.528090	363.000000
0.415730	220.000000
0.512500	290.000000
0.666667	279.000000
0.413793	294.000000
0.853933	275.000000
0.775281	244.000000
0.444444	280.000000
0.707865	323.000000
0.700000	483.000000
0.438202	323.000000
0.434783	243.000000
0.922222	326.000000
0.617978	337.000000
TE unfeasible


TE dictator
0.228571	276.000000

Overlay dictator
105.000000	0.800000



遗传算法2
0.389831	0.389831	176.000000

遗传算法2
0.444444	0.444444	180.000000

遗传算法2
0.423729	0.423729	176.000000

遗传算法2-2
0.485714	0.420290	130.000000

遗传算法2-2
0.470588	0.470588	134.000000

遗传算法2-2
0.426471	0.426471	132.000000

TEvsOR    博弈:
0.277778	186.000000
0.537500	263.000000
0.666667	240.000000
0.561798	277.000000
0.712644	325.000000
0.637681	226.000000
0.575000	285.000000
0.388889	189.000000
TE unfeasible


TE dictator
0.277778	229.000000

Overlay dictator
105.000000	0.901639



遗传算法2
0.442857	0.442857	168.000000

遗传算法2
0.639344	0.514706	170.000000

遗传算法2
0.666667	0.514286	177.000000

遗传算法2-2
0.576923	0.494845	142.000000

遗传算法2-2
0.529412	0.529412	150.000000

遗传算法2-2
0.576271	0.576271	137.000000

TEvsOR    博弈:
0.275362	187.000000
0.700000	302.000000
0.500000	242.000000
0.584270	215.000000
0.912500	329.000000
0.478261	269.000000
0.478261	273.000000
0.478261	335.000000
0.655172	356.000000
0.662500	261.000000
0.643678	329.000000
0.478261	204.000000
0.471910	299.000000
0.333333	280.000000
0.685393	327.000000
0.478261	342.000000
0.788889	223.000000
TE unfeasible


TE dictator
0.275362	255.000000

Overlay dictator
105.000000	0.639344



遗传算法2
0.333333	0.333333	179.000000

遗传算法2
0.382353	0.382353	183.000000

遗传算法2
0.318841	0.318841	174.000000

遗传算法2-2
0.377778	0.377778	148.000000

遗传算法2-2
0.382353	0.382353	153.000000

遗传算法2-2
0.476923	0.476923	128.000000

TEvsOR    博弈:
0.244444	190.000000
0.707865	305.000000
0.752809	245.000000
0.950000	234.000000
0.933333	360.000000
0.449275	179.000000
0.632911	238.000000
0.463768	248.000000
0.674157	262.000000
0.764045	303.000000
0.639175	287.000000
0.448276	223.000000
0.962500	248.000000
TE unfeasible


TE dictator
0.244444	248.000000

Overlay dictator
105.000000	0.637931



遗传算法2
0.417910	0.417910	179.000000

遗传算法2
0.414286	0.414286	180.000000

遗传算法2
0.430769	0.430769	183.000000

遗传算法2-2
0.432990	0.426471	120.000000

遗传算法2-2
0.442857	0.417910	129.000000

遗传算法2-2
0.447059	0.447059	128.000000

TEvsOR    博弈:
0.200000	167.000000
0.482759	265.000000
0.455556	241.000000
0.651685	315.000000
0.411111	295.000000
0.308824	277.000000
0.507246	309.000000
0.449438	274.000000
0.393258	272.000000
0.752809	238.000000
0.782609	295.000000
0.433333	241.000000
0.471910	288.000000
0.492754	210.000000
0.449275	322.000000
0.505618	274.000000
0.367816	404.000000
0.325843	246.000000
0.411111	192.000000
0.550562	272.000000
0.540230	304.000000
0.622222	265.000000
0.782609	238.000000
0.865169	322.000000
0.696629	236.000000
0.677778	231.000000
0.775281	325.000000
0.606742	285.000000
0.600000	409.000000
0.471910	284.000000
0.674157	282.000000
0.632184	321.000000
0.707865	339.000000
0.775000	300.000000
0.651685	350.000000
0.426966	321.000000
0.786517	342.000000
0.437500	319.000000
0.426966	297.000000
0.719101	301.000000
0.550562	261.000000
0.528736	345.000000
0.595506	367.000000
0.483146	314.000000
0.393258	367.000000
0.487500	353.000000
0.898876	340.000000
0.687500	392.000000
0.544444	353.000000
0.566667	251.000000
0.977778	224.000000
0.687500	401.000000
0.617978	257.000000
0.555556	306.000000
0.617978	367.000000
0.617978	392.000000
0.696629	366.000000
0.511111	414.000000
0.842697	270.000000
0.842697	296.000000
0.707865	338.000000
0.707865	450.000000
0.483146	272.000000
0.862500	263.000000
0.573034	387.000000
0.404494	374.000000
0.433333	258.000000
0.444444	282.000000
0.633333	357.000000
0.733333	308.000000
0.460674	326.000000
0.766667	475.000000
0.415730	381.000000
0.516854	398.000000
0.511111	230.000000
0.662500	340.000000
0.786517	337.000000
0.707865	308.000000
0.606742	321.000000
0.573034	243.000000
0.573034	369.000000
0.685393	370.000000
0.587500	300.000000
0.517241	359.000000
0.536232	356.000000
0.842697	355.000000
0.623188	307.000000
0.436782	335.000000
0.466667	352.000000
0.550562	293.000000
0.566667	176.000000
0.551724	426.000000
0.511111	278.000000
0.561798	416.000000
0.825000	421.000000
0.492754	286.000000
0.719101	445.000000
0.677778	388.000000
0.677778	265.000000
0.677778	335.000000


TE dictator
0.200000	222.000000

Overlay dictator
105.000000	0.720588



遗传算法2
0.400000	0.400000	184.000000

遗传算法2
0.469697	0.379310	175.000000

遗传算法2
0.337500	0.337500	183.000000

遗传算法2-2
0.426471	0.362319	149.000000

遗传算法2-2
0.360656	0.360656	141.000000

遗传算法2-2
0.382353	0.382353	138.000000

TEvsOR    博弈:
0.277778	142.000000
0.770115	244.000000
0.459770	289.000000
0.437500	281.000000
0.391304	173.000000
0.500000	200.000000
0.391304	213.000000
0.412500	295.000000
0.695652	276.000000
0.584270	274.000000
0.459770	217.000000
0.701149	267.000000
0.540230	376.000000
0.438202	275.000000
0.950000	347.000000
0.600000	278.000000
0.562500	408.000000
0.536232	303.000000
0.321429	332.000000
0.437500	297.000000
0.411111	213.000000
0.438202	298.000000
0.438202	319.000000
0.500000	299.000000
0.500000	257.000000
0.600000	278.000000
0.884058	329.000000
1.000000	288.000000
0.588889	311.000000
0.744444	303.000000
0.744444	221.000000
0.588889	372.000000
0.544444	273.000000
0.677778	421.000000
0.588889	281.000000
0.565217	437.000000
0.494253	365.000000
0.579710	360.000000
0.782609	342.000000
0.579710	278.000000
0.588889	251.000000
0.755556	411.000000
0.633333	238.000000
0.758621	453.000000
0.455556	284.000000
0.525000	263.000000
0.595506	334.000000
0.741573	342.000000
0.611111	334.000000
0.788889	274.000000
0.677778	263.000000
0.677778	311.000000
0.475000	335.000000
0.475000	365.000000
0.719101	516.000000
0.420290	280.000000
0.459770	315.000000
0.797753	281.000000
0.620690	362.000000
0.459770	274.000000
0.550725	289.000000
0.550725	234.000000
0.637500	276.000000
0.587500	281.000000
0.927536	332.000000
0.937500	354.000000
0.492754	362.000000
0.966292	376.000000
0.696629	313.000000
0.966292	406.000000
0.966292	350.000000
0.966292	350.000000
0.966292	350.000000
0.966292	350.000000
0.966292	350.000000
0.966292	350.000000
0.966292	350.000000
0.966292	350.000000
0.966292	350.000000
0.966292	350.000000
0.966292	350.000000
0.966292	350.000000
0.966292	350.000000
0.966292	350.000000
0.966292	350.000000
0.966292	350.000000
0.966292	350.000000
0.966292	350.000000
0.966292	350.000000
0.966292	350.000000
0.966292	350.000000
0.966292	350.000000
0.966292	350.000000
0.966292	350.000000
0.966292	350.000000
0.966292	350.000000
0.966292	350.000000
0.966292	350.000000
0.966292	350.000000
0.966292	350.000000


TE dictator
0.277778	225.000000

Overlay dictator
105.000000	0.674157



遗传算法2
0.415730	0.415730	195.000000

遗传算法2
0.415385	0.415385	192.000000

遗传算法2
0.347826	0.347826	163.000000

遗传算法2-2
0.485294	0.415385	132.000000

遗传算法2-2
0.450000	0.450000	125.000000

遗传算法2-2
0.500000	0.450000	115.000000

