TEvsOR    博弈:
0.220588	261.000000
0.539326	284.000000
0.337500	345.000000
0.325843	265.000000
0.600000	351.000000
0.391304	247.000000
0.494382	348.000000
0.415730	230.000000
0.533333	236.000000
0.415730	286.000000
0.700000	174.000000
0.755556	190.000000
0.550000	340.000000
0.711111	309.000000
0.471910	267.000000
0.588889	291.000000
0.550562	335.000000
0.826087	460.000000
0.278481	290.000000
0.411111	215.000000
0.688889	362.000000
0.522222	288.000000
0.755556	376.000000
0.623188	337.000000
0.685393	414.000000
0.376471	366.000000
0.719101	420.000000
0.384615	355.000000
0.411111	362.000000
0.588889	267.000000


TE dictator
0.220588	336.000000

Overlay dictator
107.000000	0.820000



遗传算法1
0.382353	0.382353	209.000000

遗传算法2
0.382353	0.382353	164.000000

TEvsOR    博弈:
0.217391	231.000000
0.376812	330.000000
0.244444	254.000000
0.360825	312.000000
0.244444	268.000000
0.405797	327.000000
0.359551	319.000000
0.637681	280.000000
0.505618	316.000000
0.492754	367.000000
0.247191	271.000000
0.273810	285.000000
0.594203	388.000000
0.650000	370.000000
0.565217	288.000000
0.700000	370.000000
0.898551	283.000000
0.525000	326.000000
0.412500	304.000000
0.337838	337.000000
0.637500	324.000000
0.600000	389.000000
0.588889	340.000000
0.623188	351.000000
0.516854	295.000000
0.348315	305.000000
0.637681	324.000000
0.370787	320.000000
0.436782	343.000000
0.687500	372.000000


TE dictator
0.217391	283.000000

Overlay dictator
106.000000	1.000000



遗传算法1
0.300000	0.300000	188.000000

遗传算法2
0.333333	0.333333	157.000000

TEvsOR    博弈:
0.238806	256.000000
0.348315	225.000000
0.666667	326.000000
0.462500	305.000000
0.869565	346.000000
0.350000	354.000000
0.448276	382.000000
0.376812	230.000000
0.525000	277.000000
0.379310	318.000000
0.364706	323.000000
0.611111	295.000000
0.666667	147.000000
TE unfeasible


TE dictator
0.238806	289.000000

Overlay dictator
107.000000	0.934426



遗传算法1
0.320000	0.320000	189.000000

遗传算法2
0.320000	0.320000	152.000000

TEvsOR    博弈:
0.217391	199.000000
0.632184	253.000000
0.762500	295.000000
0.449438	312.000000
0.400000	167.000000
0.540230	263.000000
0.511111	264.000000
0.688889	240.000000
0.611111	310.000000
0.455556	365.000000
0.722222	266.000000
0.762500	368.000000
0.362500	316.000000
0.766667	299.000000
0.744444	346.000000
0.800000	287.000000
0.722222	180.000000
0.912500	279.000000
0.866667	367.000000
0.877778	297.000000
0.525000	381.000000
0.775281	414.000000
0.575000	263.000000
0.455556	289.000000
0.487500	366.000000
0.466667	196.000000
0.528090	330.000000
0.775000	405.000000
0.433333	254.000000
0.507246	309.000000


TE dictator
0.217391	292.000000

Overlay dictator
106.000000	0.880000



遗传算法1
0.280000	0.280000	176.000000

遗传算法2
0.382022	0.382022	168.000000

TEvsOR    博弈:
0.217391	191.000000
0.539326	308.000000
0.393258	242.000000
0.505618	348.000000
0.325000	243.000000
0.350000	263.000000
0.462500	315.000000
0.375000	323.000000
0.449438	360.000000
0.666667	326.000000
0.712500	340.000000
0.388889	318.000000
0.449438	299.000000
0.487500	307.000000
0.392857	327.000000
0.437500	293.000000
0.812500	348.000000
0.483146	445.000000
0.300000	192.000000
0.685393	275.000000
0.712500	297.000000
0.985507	331.000000
0.712500	322.000000
0.565217	279.000000
0.787500	452.000000
0.337079	250.000000
0.550725	293.000000
0.562500	349.000000
0.546392	330.000000
0.550000	323.000000


TE dictator
0.217391	248.000000

Overlay dictator
106.000000	0.880000



遗传算法1
0.288462	0.288462	170.000000

遗传算法2
0.367647	0.367647	154.000000

