20 380
   0   1   3  35
   0   2   6  10
   0   3   1  53
   0   4   1  22
   0   5   5  28
   0   6   6  27
   0   7   1  98
   0   8   7  53
   0   9  10  39
   0  10   5  45
   0  11   8  42
   0  12   7  75
   0  13   2  37
   0  14   4  87
   0  15  10  88
   0  16   9  20
   0  17   6  63
   0  18   9  71
   0  19   8  11
   1  0    3  23
   1   2  10  16
   1   3   6  78
   1   4   5  23
   1   5   9  67
   1   6   3  76
   1   7   1  36
   1   8   4  39
   1   9  10  99
   1  10   5  40
   1  11  10  53
   1  12  10  12
   1  13  10  40
   1  14   7  60
   1  15   9  29
   1  16   2  41
   1  17   9  92
   1  18   5  41
   1  19   5  46
   2   0   6  38
   2   1   6  38
   2   3   4  95
   2   4   3  20
   2   5   5  52
   2   6   7  90
   2   7   9  31
   2   8   1  14
   2   9   8  20
   2  10   2  63
   2  11   8  96
   2  12   1  64
   2  13   3  62
   2  14   1  21
   2  15   5  52
   2  16   2  36
   2  17   3  22
   2  18   8  93
   2  19   5  75
   3   0   4  49
   3   1   4  49
   3   2   2  58
   3   4   5  51
   3   5   1  46
   3   6  10  23
   3   7   5  89
   3   8   3  58
   3   9   1  23
   3  10   8  58
   3  11   9  86
   3  12   1  79
   3  13  10  93
   3  14  10  16
   3  15   4  11
   3  16   1  42
   3  17   9  65
   3  18   5  39
   3  19   5  17
   4   0   4  87
   4   1   4  87
   4   2   7  67
   4   3   6  87
   4   5   3  57
   4   6   9  47
   4   7   4  28
   4   8   2  27
   4   9   8  99
   4  10   6  13
   4  11   9  51
   4  12   4  30
   4  13   2  42
   4  14   9  61
   4  15   6  50
   4  16   4  10
   4  17  10  64
   4  18  10  57
   4  19   7  99
  5   0  5  42
   5   1  5  42
   5   2  4  62
   5   3  6  52
   5   4  9  82
   5   5  10  42
   5   6   3  14
   5   8  10  64
   5   9   5  33
   5  10   9  25
   5  11  10  11
   5  12   6  41
   5  13   9  90
   5  14   4  75
   5  15   8  20
   5  16   9  12
   5  17   3  66
   5  18   6  77
   5  19   3  84
  6   0   7  66
   6   1   7  66
   6   2   6  46
   6   3   2  66
   6   4   4  56
   6   5   7  86
   6   7   3  66
   6   8   4  44
   6   9   1  60
   6  10   7  89
   6  11   6  54
   6  12   9  97
   6  13   2  49
   6  14   7  43
   6  15  10  31
   6  16   1  53
   6  17  10  47
   6  18   5  92
   6  19   7  63
   7  0   5  62
   7   1   5  62
   7   2   4  42
   7   3   3  42
   7   4   6  72
   7   5   9  82
   7   6   8  62
   7   8   5  42
   7   9   8  73
   7  10   7  95
   7  11   8  97
   7  12   2  37
   7  13   7  80
   7  14   4  31
   7  15   6  72
   7  16   1  29
   7  17   2  65
   7  18   5  41
   7  19   1  72
  8   0   5  61
   8   1   5  61
   8   2   4  41
   8   3   3  71
   8   4   8  91
   8   5   6  61
   8   6   8  71
   8   7   5  41
   8   9   9  11
   8  10   9  55
   8  11   5  92
   8  12   4  14
   8  13   5  67
   8  14   6  80
   8  15   2  37
   8  16  10  12
   8  17   1  86
   8  18   7  44
   8  19   6  61
   9  0   7  19
   9  1   7  19
   9  2   8  49
   9  3   6  59
   9  4   4  59
   9  5   3  49
   9  6   2  79
   9  7   9  19
   9  8   1  99
   9  10   1  19
   9  11  10  21
   9  12   3  66
   9  13   5  36
   9  14   4  48
   9  15   2  82
   9  16   9  61
   9  17   5  71
   9  18   1  68
   9  19   2  75
  10  0   5  40
  10  1   5  40
  10  2   4  60
  10  3   7  40
  10  4   5  50
  10  5   7  80
  10  6   8  50
  10  7   3  80
  10  8   2  40
  10  9   5  90
  10  11   5  10
  10  12   5  51
  10  13   7  28
  10  14   5  24
  10  15   8  15
  10  16   6  47
  10  17   8  84
  10  18  10  12
  10  19   4  64
  11  0   5  82
  11  1   5  82
  11  2   4  62
  11  3   5  82
  11  4   6  72
  11  5   5  82
  11  6   8  52
  11  7   5  42
  11  8   6  32
  11  9   5  52
  11  10   5  82
  11  12   5  82
  11  13   2  91
  11  14   7  28
  11  15   7  35
  11  16   7  87
  11  17  10  43
  11  18   8  15
  11  19   4  71
  12  0  10 100
  12  1  10 100
  12  2  4 60
  12  3  2 90
  12  4  6 100
  12  5  5 70
  12  6  4 100
  12  7  3 50
  12  8  2 40
  12  9  10 30
  12  10  2 100
  12  11  1 100
  12  13  10 100
  12  14   1  58
  12  15   6  12
  12  16   7  63
  12  17   4  59
  12  18   6  32
  12  19   6  59
  13  0   6  20
  13  1   6  20
  13  2   5  40
  13  3   6  20
  13  4   6  60
  13  5   5  70
  13  6   6  20
  13  7   6  80
  13  8   3  90
  13  9   6  30
  13  10   4  40
  13  11   6  20
  13  12   2  50
  13  14   6  20
  13  15   9  75
  13  16  10  32
  13  17   1  90
  13  18   8  65
  13  19   7  40
 14  0   8  77
  14  1   8  77
  14  2   6  47
  14  3   4  77
  14  4   2  47
  14  5   4  97
  14  6   7  97
  14  7   8  67
  14  8   5  97
  14  9   4  97
  14  10   5  37
  14  11   6  77
  14  12   7  87
  14  13   8  97
  14  15   4  42
  14  16   4  42
  14  17   5  47
  14  18   8  16
  14  19   7  97
  15  0   8  99
  15  1   8  99
  15  2   4  69
  15  3   5  99
  15  4   6  89
  15  5   9  59
  15  6   3  49
  15  7   2  39
  15  8   4  49
  15  9   8  69
  15  10   6  89
  15  11   7  69
  15  12   9  79
  15  13   6  59
  15  14   4  59
  15  16   8  99
  15  17   5  21
  15  18   3  28
  15  19  10  20
 16  0   8  43
  16  1   8  43
  16  2   5  43
  16  3   8  73
  16  4   6  43
  16  5   7  83
  16  6   9  53
  16  7   2  93
  16  8   4  43
  16  9   3  63
  16  10   5  43
  16  11   6  43
  16  12   4  83
  16  13   3  43
  16  14   7  63
  16  15   8  53
  16  17   8  43
  16  18   5  72
  16  19   1  33
  17  0   8  62
  17  1   8  62
  17  2   7  62
  17  3   8  52
  17  4   5  42
  17  5   6  62
  17  6   8  82
  17  7   7  62
  17  8   8  92
  17  9   8  62
  17  10   5  62
  17  11   4  82
  17  12   2  62
  17  13   4  42
  17  14   2  72
  17  15   3  82
  17  16   6  62
  17  18   8  62
  17  19   2  77
  18  0   7  92
  18  1   7  92
  18  2   5  92
  18  3  3  92
  18  4   6  92
  18  5   7  92
  18  6   5  62
  18  7   8  92
  18  8   7  52
  18  9   9  92
  18  10   4  42
  18  11   5  32
  18  12   7  72
  18  13   8  52
  18  14   5  92
  18  15   3 92
  18  16   3  92
  18  17   4  72
  18  19   7  62
  19  0   4    56
  19  1   4    56
  19  2   4    56
  19  3   4    56
  19  4   4    56
  19  5   4    56
  19  6   4    56
  19  7   4    56
  19  8   4    56
  19  9   4    56
  19  10  4    56
  19  11   4    56
  19  12  4    56
  19  13  4    56
  19  14 4    56
  19  15   4    56
  19  16   4    56
  19  17   4    56
  19  18   4    56