TEvsOR    ²©ÞÄ:
0.742857	10.564312
0.771429	14.474248
0.742857	12.571627
0.780000	12.461612
0.828571	16.872929
0.914286	21.753197
0.757143	13.126828
0.757143	13.126828
0.757143	13.126828
0.757143	13.126828
0.757143	13.126828
0.757143	13.126828
0.757143	13.126828
0.757143	13.126828
0.757143	13.126828
0.757143	13.126828
0.757143	13.126828
0.757143	13.126828
0.757143	13.126828
0.757143	13.126828
0.757143	13.126828
0.757143	13.126828
0.757143	13.126828
0.757143	13.126828
0.757143	13.126828
0.757143	13.126828
0.757143	13.126828
0.757143	13.126828
0.757143	13.126828
0.757143	13.126828
0.757143	13.126828
0.757143	13.126828
0.757143	13.126828
0.757143	13.126828
0.757143	13.126828
0.757143	13.126828
0.757143	13.126828
0.757143	13.126828
0.757143	13.126828
0.757143	13.126828
0.757143	13.126828
0.757143	13.126828
0.757143	13.126828
0.757143	13.126828
0.757143	13.126828
0.757143	13.126828
0.757143	13.126828
0.757143	13.126828
0.757143	13.126828
0.757143	13.126828
0.757143	13.126828
0.757143	13.126828
0.757143	13.126828
0.757143	13.126828
0.757143	13.126828
0.757143	13.126828
0.757143	13.126828
0.757143	13.126828
0.757143	13.126828
0.757143	13.126828
0.757143	13.126828
0.757143	13.126828
0.757143	13.126828
0.757143	13.126828
0.757143	13.126828
0.757143	13.126828
0.757143	13.126828
0.757143	13.126828
0.757143	13.126828
0.757143	13.126828
0.757143	13.126828
0.757143	13.126828
0.757143	13.126828
0.757143	13.126828
0.757143	13.126828
0.757143	13.126828
0.757143	13.126828
0.757143	13.126828
0.757143	13.126828
0.757143	13.126828
0.757143	13.126828
0.757143	13.126828
0.757143	13.126828
0.757143	13.126828
0.757143	13.126828
0.757143	13.126828
0.757143	13.126828
0.757143	13.126828
0.757143	13.126828
0.757143	13.126828
0.757143	13.126828
0.757143	13.126828
0.757143	13.126828
0.757143	13.126828
0.757143	13.126828
0.757143	13.126828
0.757143	13.126828
0.757143	13.126828
0.757143	13.126828
0.757143	13.126828


TEvsOR    ²©ÞÄ:
0.428571	6.270769
0.544304	8.075487
0.428571	6.270769
0.544304	8.075487
0.428571	6.270769
0.544304	8.075487
0.428571	6.270769
0.544304	8.075487
0.428571	6.270769
0.544304	8.075487
0.428571	6.270769
0.544304	8.075487
0.428571	6.270769
0.544304	8.075487
0.428571	6.270769
0.544304	8.075487
0.428571	6.270769
0.544304	8.075487
0.428571	6.270769
0.544304	8.075487
0.428571	6.270769
0.544304	8.075487
0.428571	6.270769
0.544304	8.075487
0.428571	6.270769
0.544304	8.075487
0.428571	6.270769
0.544304	8.075487
0.428571	6.270769
0.544304	8.075487
0.428571	6.270769
0.544304	8.075487
0.428571	6.270769
0.544304	8.075487
0.428571	6.270769
0.544304	8.075487
0.428571	6.270769
0.544304	8.075487
0.428571	6.270769
0.544304	8.075487
0.428571	6.270769
0.544304	8.075487
0.428571	6.270769
0.544304	8.075487
0.428571	6.270769
0.544304	8.075487
0.428571	6.270769
0.544304	8.075487
0.428571	6.270769
0.544304	8.075487
0.428571	6.270769
0.544304	8.075487
0.428571	6.270769
0.544304	8.075487
0.428571	6.270769
0.544304	8.075487
0.428571	6.270769
0.544304	8.075487
0.428571	6.270769
0.544304	8.075487
0.428571	6.270769
0.544304	8.075487
0.428571	6.270769
0.544304	8.075487
0.428571	6.270769
0.544304	8.075487
0.428571	6.270769
0.544304	8.075487
0.428571	6.270769
0.544304	8.075487
0.428571	6.270769
0.544304	8.075487
0.428571	6.270769
0.544304	8.075487
0.428571	6.270769
0.544304	8.075487
0.428571	6.270769
0.544304	8.075487
0.428571	6.270769
0.544304	8.075487
0.428571	6.270769
0.544304	8.075487
0.428571	6.270769
0.544304	8.075487
0.428571	6.270769
0.544304	8.075487
0.428571	6.270769
0.544304	8.075487
0.428571	6.270769
0.544304	8.075487
0.428571	6.270769
0.544304	8.075487
0.428571	6.270769
0.544304	8.075487
0.428571	6.270769
0.544304	8.075487
0.428571	6.270769
0.544304	8.075487
0.428571	6.270769
0.544304	8.075487


TEvsOR    ²©ÞÄ:
0.382022	87.000000
0.385714	95.000000
0.400000	72.000000
0.420290	74.000000
0.420290	74.000000
0.420290	74.000000
0.420290	74.000000
0.420290	74.000000
0.420290	74.000000
0.420290	74.000000
0.420290	74.000000
0.420290	74.000000
0.420290	74.000000
0.420290	74.000000
0.420290	74.000000
0.420290	74.000000
0.420290	74.000000
0.420290	74.000000
0.420290	74.000000
0.420290	74.000000
0.420290	74.000000
0.420290	74.000000
0.420290	74.000000
0.420290	74.000000
0.420290	74.000000
0.420290	74.000000
0.420290	74.000000
0.420290	74.000000
0.420290	74.000000
0.420290	74.000000
0.420290	74.000000
0.420290	74.000000
0.420290	74.000000
0.420290	74.000000
0.420290	74.000000
0.420290	74.000000
0.420290	74.000000
0.420290	74.000000
0.420290	74.000000
0.420290	74.000000
0.420290	74.000000
0.420290	74.000000
0.420290	74.000000
0.420290	74.000000
0.420290	74.000000
0.420290	74.000000
0.420290	74.000000
0.420290	74.000000
0.420290	74.000000
0.420290	74.000000
0.420290	74.000000
0.420290	74.000000
0.420290	74.000000
0.420290	74.000000
0.420290	74.000000
0.420290	74.000000
0.420290	74.000000
0.420290	74.000000
0.420290	74.000000
0.420290	74.000000
0.420290	74.000000
0.420290	74.000000
0.420290	74.000000
0.420290	74.000000
0.420290	74.000000
0.420290	74.000000
0.420290	74.000000
0.420290	74.000000
0.420290	74.000000
0.420290	74.000000
0.420290	74.000000
0.420290	74.000000
0.420290	74.000000
0.420290	74.000000
0.420290	74.000000
0.420290	74.000000
0.420290	74.000000
0.420290	74.000000
0.420290	74.000000
0.420290	74.000000
0.420290	74.000000
0.420290	74.000000
0.420290	74.000000
0.420290	74.000000
0.420290	74.000000
0.420290	74.000000
0.420290	74.000000
0.420290	74.000000
0.420290	74.000000
0.420290	74.000000
0.420290	74.000000
0.420290	74.000000
0.420290	74.000000
0.420290	74.000000
0.420290	74.000000
0.420290	74.000000
0.420290	74.000000
0.420290	74.000000
0.420290	74.000000
0.420290	74.000000


TEvsOR    ²©ÞÄ:
0.470588	99.000000
0.487805	121.000000
0.470588	110.000000
0.595506	124.000000
0.470588	99.000000
0.487805	121.000000
0.470588	110.000000
0.595506	124.000000
0.470588	99.000000
0.487805	121.000000
0.470588	110.000000
0.595506	124.000000
0.470588	99.000000
0.487805	121.000000
0.470588	110.000000
0.595506	124.000000
0.470588	99.000000
0.487805	121.000000
0.470588	110.000000
0.595506	124.000000
0.470588	99.000000
0.487805	121.000000
0.470588	110.000000
0.595506	124.000000
0.470588	99.000000
0.487805	121.000000
0.470588	110.000000
0.595506	124.000000
0.470588	99.000000
0.487805	121.000000
0.470588	110.000000
0.595506	124.000000
0.470588	99.000000
0.487805	121.000000
0.470588	110.000000
0.595506	124.000000
0.470588	99.000000
0.487805	121.000000
0.470588	110.000000
0.595506	124.000000
0.470588	99.000000
0.487805	121.000000
0.470588	110.000000
0.595506	124.000000
0.470588	99.000000
0.487805	121.000000
0.470588	110.000000
0.595506	124.000000
0.470588	99.000000
0.487805	121.000000
0.470588	110.000000
0.595506	124.000000
0.470588	99.000000
0.487805	121.000000
0.470588	110.000000
0.595506	124.000000
0.470588	99.000000
0.487805	121.000000
0.470588	110.000000
0.595506	124.000000
0.470588	99.000000
0.487805	121.000000
0.470588	110.000000
0.595506	124.000000
0.470588	99.000000
0.487805	121.000000
0.470588	110.000000
0.595506	124.000000
0.470588	99.000000
0.487805	121.000000
0.470588	110.000000
0.595506	124.000000
0.470588	99.000000
0.487805	121.000000
0.470588	110.000000
0.595506	124.000000
0.470588	99.000000
0.487805	121.000000
0.470588	110.000000
0.595506	124.000000
0.470588	99.000000
0.487805	121.000000
0.470588	110.000000
0.595506	124.000000
0.470588	99.000000
0.487805	121.000000
0.470588	110.000000
0.595506	124.000000
0.470588	99.000000
0.487805	121.000000
0.470588	110.000000
0.595506	124.000000
0.470588	99.000000
0.487805	121.000000
0.470588	110.000000
0.595506	124.000000
0.470588	99.000000
0.487805	121.000000
0.470588	110.000000
0.595506	124.000000


