////////
Network Friendly Overlay Routing测试错误  数据不可取
///////
TEvsOR    博弈:
0.200000	8.763065
0.367816	13.614525
0.362500	11.692071
0.466667	12.942217
0.333333	10.954590
0.655556	16.679444
0.262500	11.207476
0.412500	12.081410
0.362319	13.534805
0.362500	13.239375
0.333333	12.379195
0.434783	15.139407
0.625000	16.497506
0.382022	15.523921
0.382022	16.090130
0.623188	21.362808
0.359551	12.816549
0.355556	12.434195
0.338235	15.921198
0.387500	17.016955
0.404494	16.107844
0.347826	13.299799
0.768116	20.141662
0.356322	18.687657
0.380952	16.298693
0.387500	15.195514
0.406780	20.762439
0.594203	24.492933
0.483146	17.574319
0.725000	21.447813


Network Friendly Overlay Routing
0.200000	1.129613
0.367816	1.798824
0.225000	1.369645
0.227119	1.641244
0.241955	1.500626
0.273258	1.636773
0.316484	1.792639
0.411159	1.936294
0.382333	1.455917
0.344859	1.468214
0.385556	1.765864
0.426612	1.839571
0.402422	1.838242
0.370974	1.459748
0.353071	1.444718
0.365556	1.556625
0.355556	1.707020
0.433333	1.477460
0.411159	1.557003
0.534507	2.443600
0.581816	3.905909
0.341307	1.518736
0.323978	1.606610
0.304602	2.015760
0.303592	1.765289
0.355072	1.968487
0.296097	1.700020
0.355222	1.942515
0.303759	1.489441
0.362464	1.876384
0.339927	1.441426
0.375828	1.417884
0.322222	1.573095
0.402374	1.507248
0.427326	1.874294
0.394167	1.996585
0.374063	2.339110
0.359460	2.038546
0.383983	2.125892
0.342511	1.513138
0.445264	1.698802
0.334429	1.930877
0.410168	1.427315
0.415424	1.893491
0.333303	1.631705
0.388927	1.661724
0.380806	1.487400
0.387970	1.461056
0.370670	1.910328
0.335204	1.656670
0.363875	2.247275
0.354420	1.746052
0.287412	1.608158
0.353190	1.665022
0.299974	1.767733
0.282634	1.511456
0.293913	1.587515
0.282087	1.530455
0.275683	1.639538
0.306782	1.118426
0.285386	1.559040
0.371002	1.252310
0.332264	1.417152
0.337779	1.143909
0.282446	1.386371
0.367180	1.298563
0.408000	1.734549
0.454664	1.663926
0.486779	1.539252
0.477461	2.058095
0.543896	1.770833
0.561419	1.991371
0.555931	1.849978
0.501796	1.913772
0.500161	1.879686
0.527468	2.162811
0.495272	2.085745
0.403976	2.070260
0.525169	1.592151
0.480938	2.280633
0.375435	1.734791
0.408065	1.777588
0.420577	1.698279
0.486757	2.101533
0.443163	1.826240
0.385215	1.683318
0.456887	1.691134
0.340001	1.900283
0.384628	2.589576
0.321868	2.707338
0.324551	1.701165
0.389551	1.558455
0.314547	2.205650
0.350457	2.091606
0.397641	1.531373
0.329977	2.108977
0.260231	1.681084
0.333333	2.013152
0.433333	1.800099
0.411159	1.963038


TE dictator
0.200000	10.021219

Overlay dictator
4.892561	0.735294



遗传算法1
0.400000	0.308824	9.055576

遗传算法1
0.263158	0.263158	9.762074

遗传算法2
0.340000	0.307692	7.591852

遗传算法2
0.258427	0.258427	8.389459

TEvsOR    博弈:
0.215054	9.046091
0.350000	9.011249
0.375000	11.608120
0.275000	9.404183
0.478261	11.031358
0.400000	9.571874
0.622222	12.870393
0.235294	11.346481
0.488889	8.628983
0.575000	13.399518
0.376812	12.382058
0.600000	14.279898
0.412500	12.264130
0.739130	21.262107
0.292135	9.496573
0.637500	13.697057
0.350000	12.490036
0.462500	17.081962
0.450000	12.374160
0.462500	14.600168
0.710145	17.580157
0.415730	14.834424
0.318841	9.933002
0.550000	14.385400
0.463768	14.307193
0.463768	19.224240
0.275000	11.756968
0.584270	18.429330
0.344444	11.399084
0.393258	15.481294


Network Friendly Overlay Routing
0.215054	1.259731
0.350000	1.439531
0.235955	2.059472
0.211290	1.282753
0.212473	1.377680
0.249369	1.469252
0.291397	1.309472
0.220000	1.352877
0.231951	1.276028
0.250000	1.179624
0.242375	1.581655
0.249475	1.482285
0.239785	1.343904
0.273680	1.416810
0.256944	1.360909
0.235465	1.514583
0.250000	1.368727
0.258427	1.741009
0.258621	1.480365
0.265169	1.619109
0.311804	1.205845
0.405346	1.512818
0.311219	1.480513
0.257042	1.470363
0.265543	1.791437
0.298005	1.398403
0.345086	1.699609
0.254393	1.566242
0.238750	1.144716
0.262500	1.367221
0.246224	1.529760
0.250000	1.226161
0.250000	1.318651
0.250000	1.190158
0.250000	1.765112
0.265571	2.010145
0.317753	1.807818
0.260522	1.921396
0.304370	2.058084
0.249584	1.782406
0.284075	1.846382
0.269297	1.722358
0.263843	1.667916
0.241337	1.467987
0.259506	1.601829
0.283172	1.788784
0.318813	1.963080
0.287958	1.916589
0.362193	1.953359
0.389167	1.622193
0.249042	1.359454
0.274639	1.944777
0.235000	1.742421
0.263158	1.677702
0.285735	1.779240
0.271262	1.884395
0.289855	1.648098
0.280000	1.747274
0.257875	1.494649
0.280899	1.625297
0.320290	1.454958
0.348019	1.561488
0.311290	1.399118
0.272500	2.381966
0.289855	1.746874
0.300399	1.628449
0.285778	2.219494
0.272176	1.643859
0.277780	1.547538
0.255556	1.649012
0.255556	1.967165
0.272778	1.678148
0.255556	1.485891
0.275484	2.329716
0.246377	1.348378
0.251825	1.624782
0.260444	2.110662
0.273243	1.336625
0.255981	1.342905
0.271700	1.341697
0.275000	1.858826
0.275000	1.782618
0.305163	1.567312
0.252003	1.638881
0.246377	1.882057
0.288797	1.622030
0.253697	1.657270
0.329806	1.829155
0.229947	1.572350
0.225000	1.567702
0.225000	1.517131
0.255556	1.199156
0.255556	1.936554
0.258602	1.490076
0.272308	1.460923
0.236111	1.443953
0.259078	1.285669
0.255556	1.760276
0.318889	1.575166
0.291222	1.339814


TE dictator
0.215054	9.437469

Overlay dictator
4.471510	0.491525



遗传算法1
0.357143	0.271186	8.893967

遗传算法1
0.314607	0.314607	8.523774

遗传算法2
0.338235	0.311828	6.794672

遗传算法2
0.338235	0.279570	6.620823

TEvsOR    博弈:
0.217391	5.387642
0.422222	6.291343
0.217391	4.467207
0.246377	5.691296
0.235955	6.508865
0.400000	6.895553
0.266667	4.814385
0.257143	5.481906
0.231884	7.402172
0.511111	8.522400
0.311111	6.601683
0.310345	10.084368
0.507246	11.606730
0.355556	8.533461
0.250000	5.995287
0.275362	7.954845
0.434783	11.623253
0.387500	10.283985
0.322222	5.129366
0.275362	6.210159
0.283784	9.176961
0.242857	5.902963
0.275362	7.352332
0.322222	7.335856
0.300000	5.577498
0.322222	7.335856
0.300000	5.577498
0.322222	7.335856
0.300000	5.577498
0.322222	7.335856


Network Friendly Overlay Routing
0.217391	1.041784
0.422222	1.136235
0.255072	1.179674
0.246377	1.126517
0.233913	1.465910
0.221478	1.649156
0.226425	2.030648
0.220588	1.352946
0.217391	1.695140
0.247926	1.209051
0.231603	1.664799
0.241176	1.506578
0.281159	1.250598
0.260000	1.196710
0.274123	1.334522
0.279337	1.585792
0.290219	1.349405
0.276608	1.205676
0.315890	1.240396
0.280657	1.210549
0.317440	1.326595
0.293648	1.044232
0.277746	1.643217
0.301058	1.198182
0.272365	1.199855
0.246377	1.197012
0.276296	1.121614
0.239285	1.110755
0.266667	1.034542
0.300000	1.395211
0.255072	1.356052
0.246377	1.669384
0.250176	1.005203
0.246377	1.388051
0.275362	1.337744
0.275362	1.573647
0.275362	1.436023
0.275362	1.273230
0.275362	1.238410
0.275362	1.288012
0.275362	1.136172
0.275362	1.415335
0.275362	1.502002
0.266377	1.227980
0.263681	1.480851
0.260177	1.160066
0.255621	1.119669
0.249699	1.352928
0.275362	1.790149
0.249444	1.096591
0.295278	1.323466
0.280032	1.391524
0.274041	1.453401
0.299602	1.719153
0.257971	1.081515
0.246377	1.412541
0.237681	1.226282
0.275362	1.838616
0.246377	1.505548
0.246377	1.193132
0.246377	1.509463
0.246377	1.210878
0.246377	1.382047
0.246377	1.723204
0.246377	1.370832
0.246377	1.155110
0.246377	1.339340
0.246377	1.148463
0.246377	1.647790
0.237681	1.418178
0.242319	1.140083
0.246377	1.352505
0.246377	1.247843
0.246377	1.290500
0.246377	1.340036
0.275362	1.205329
0.275362	1.388600
0.275362	1.463752
0.246377	1.279410
0.255556	1.680630
0.320290	1.204175
0.248116	1.192666
0.246377	1.381064
0.246377	1.204258
0.246377	1.451638
0.289941	1.393690
0.246377	1.555974
0.246377	0.974964
0.250000	1.354180
0.260783	1.184120
0.266850	1.470276
0.246377	1.099640
0.246377	1.767204
0.246377	1.829002
0.246377	1.118955
0.246377	1.117967
0.246377	1.588260
0.256577	1.321175
0.263515	1.409108
0.272464	1.534592


TE dictator
0.217391	6.896007

Overlay dictator
2.986775	0.723077



遗传算法1
0.294118	0.264706	5.291201

遗传算法1
0.294118	0.288889	5.946664

遗传算法2
0.460000	0.338235	4.524217

遗传算法2
0.438202	0.362319	4.407028

TEvsOR    博弈:
0.222222	7.042579
0.730337	11.062050
0.231884	8.324446
0.438202	11.638635
0.237500	7.901936
0.240506	10.695528
0.300000	10.068702
0.500000	13.221119
0.573034	16.118539
0.359551	10.407782
0.511111	11.364200
0.650000	15.899791
0.623188	14.419435
0.325000	12.332891
0.362500	9.720585
0.483146	13.651611
0.348315	14.020170
0.625000	19.172069
0.426966	12.031899
0.450000	13.872097
0.449438	15.164386
0.628866	20.747848
0.405797	11.345801
0.460674	12.941674
0.404494	12.077410
0.344828	14.477135
0.460674	11.600705
0.516854	12.149066
0.565217	18.852539
0.525000	18.799204


Network Friendly Overlay Routing
0.222222	1.092604
0.730337	2.014459
0.222222	1.242615
0.222222	1.396746
0.222222	1.300511
0.222222	1.375553
0.222222	1.725089
0.222423	1.716030
0.222222	1.639692
0.243024	2.332435
0.285489	1.891633
0.265947	1.314451
0.291509	1.438548
0.378961	1.200730
0.388889	1.097068
0.388889	1.320955
0.392222	1.401231
0.353034	1.376852
0.346899	1.525708
0.367472	1.705132
0.277542	1.250965
0.246328	1.547168
0.240000	1.618905
0.272525	1.223253
0.260948	1.739488
0.296910	1.410296
0.385982	1.345136
0.385110	1.419608
0.421601	1.184591
0.397800	1.511426
0.460473	1.211949
0.435562	1.399840
0.488453	1.751396
0.470021	1.704482
0.454361	1.373093
0.369449	1.345768
0.407537	1.269946
0.453507	1.684597
0.409184	1.870300
0.375272	1.834984
0.341043	1.406122
0.339650	1.524259
0.328303	1.268980
0.304478	1.685904
0.299011	1.350765
0.315914	1.462893
0.368377	1.783187
0.363335	1.836474
0.374444	1.703036
0.313950	1.715031
0.222222	1.581390
0.267903	1.307886
0.295098	1.438979
0.311244	1.270304
0.318889	1.487861
0.393977	1.296191
0.314552	1.362987
0.324275	1.521141
0.354346	1.938019
0.304887	1.158191
0.302038	1.431491
0.264871	1.325639
0.303779	1.504744
0.271469	1.190174
0.352909	1.375724
0.377778	1.569640
0.288115	1.755020
0.348803	1.639483
0.344444	1.621957
0.244514	1.273304
0.276855	1.510553
0.304544	1.690546
0.357507	1.320523
0.352025	1.261612
0.372045	1.361854
0.373688	1.215341
0.368000	1.207433
0.363540	1.525626
0.365902	1.403211
0.320084	1.462057
0.331776	1.680975
0.297975	1.558646
0.276257	1.701316
0.226912	1.246771
0.273912	1.391527
0.269552	1.205248
0.296084	1.187751
0.258242	1.458991
0.293604	1.397029
0.332556	1.376912
0.292222	1.248340
0.378721	1.279844
0.351922	1.227547
0.368656	1.429539
0.387367	1.393984
0.360328	1.046331
0.351760	1.228693
0.330732	1.263280
0.258158	1.025935
0.237799	1.459166


TE dictator
0.222222	8.382958

Overlay dictator
4.311036	0.559322



遗传算法1
0.559524	0.373134	8.403611

遗传算法1
0.466667	0.373134	7.869295

遗传算法2
0.373134	0.373134	6.009650

遗传算法2
0.507463	0.373134	6.471570

TEvsOR    博弈:
0.179104	6.617954
0.288660	8.096545
0.362319	8.520027
0.337079	7.426778
0.387500	8.772896
0.288660	7.258274
0.322222	9.542805
0.206897	8.499016
0.297619	8.636937
0.288660	7.327327
0.412371	5.935730
0.463918	5.948649
0.319588	5.923140
0.387500	7.758956
0.288660	7.602482
0.297619	7.420910
0.348315	8.451030
0.200000	7.251307
0.280899	7.870744
0.225352	8.491959
0.213483	6.295400
0.412371	7.573137
0.402062	8.282603
0.264368	9.144304
0.289855	6.524930
0.322222	7.988991
0.367816	13.067253
0.292135	11.041206
0.412500	9.798030
0.325843	11.354465


Network Friendly Overlay Routing
0.179104	1.150268
0.288660	1.623650
0.319588	1.117439
0.288660	1.117462
0.288660	1.066471
0.288660	0.948564
0.288660	1.380541
0.273779	1.400904
0.355534	1.150331
0.307860	1.042796
0.295288	1.246466
0.203875	1.587457
0.265037	1.046280
0.252326	1.271836
0.255024	1.264797
0.240384	1.440610
0.251184	1.162691
0.305931	1.244121
0.284610	1.492471
0.283326	1.329330
0.247156	1.322503
0.321302	1.127359
0.232227	1.249932
0.280967	1.233367
0.225258	1.224340
0.216779	1.495539
0.281434	1.303849
0.316975	1.228648
0.295401	1.201142
0.337630	1.132893
0.324767	1.773017
0.332863	1.411478
0.296056	1.263052
0.294276	1.217861
0.276936	1.477356
0.300203	1.343523
0.284421	1.357115
0.233080	1.166191
0.230441	1.288449
0.263060	1.332450
0.263292	1.282793
0.244557	1.362172
0.285814	1.383125
0.236610	1.249878
0.299692	1.430684
0.225416	1.516833
0.227778	1.538540
0.226002	1.229353
0.267496	1.075425
0.250000	1.461688
0.241111	1.186435
0.265667	1.145778
0.231144	1.407746
0.223821	1.237193
0.287079	1.414972
0.318535	1.118591
0.285070	1.070842
0.282459	1.448581
0.259614	1.152080
0.230832	1.490974
0.227145	1.770989
0.239214	1.103829
0.228745	1.448321
0.200000	1.433293
0.201865	1.249129
0.199243	1.444092
0.230864	1.571363
0.232347	1.422043
0.276770	1.277879
0.272554	1.342647
0.266680	1.418106
0.263572	1.476479
0.241520	1.309194
0.214375	1.391808
0.229382	1.642489
0.231294	1.298282
0.202165	1.790161
0.224741	1.191986
0.198830	1.448563
0.235146	1.124183
0.251976	1.062411
0.242896	1.446271
0.200000	1.671907
0.226746	1.269636
0.263842	1.477324
0.300969	1.258741
0.298476	1.445964
0.315062	1.648270
0.239611	1.553663
0.228571	1.638589
0.238581	1.360917
0.211724	1.444004
0.256704	1.379419
0.228889	1.672270
0.249672	1.392260
0.282232	1.493163
0.266234	1.526788
0.282216	1.472888
0.268607	1.317798
0.241692	1.617200


TE dictator
0.179104	7.916324

Overlay dictator
3.385754	0.640000



遗传算法1
0.269231	0.269231	6.641616

遗传算法1
0.285714	0.258824	5.837490

遗传算法2
0.305085	0.300000	4.445658

遗传算法2
0.303371	0.300000	4.763372

TEvsOR    博弈:
0.177778	7.192868
0.340206	7.695943
0.257732	9.904320
0.289855	9.373438
0.269663	8.433754
0.246377	9.852575
0.390805	13.284719
0.379310	9.816750
0.370787	12.502013
0.292135	7.531178
0.333333	11.691232
0.449438	14.432448
0.584270	13.625926
0.393258	11.368698
0.516854	11.690218
0.460674	14.054806
0.584270	15.576389
0.200000	7.736147
0.359551	8.405454
0.298851	10.118050
0.449438	12.022616
0.337500	8.696784
0.337079	12.175732
0.376812	10.073410
0.517241	15.475588
0.292135	11.094855
0.344444	7.016331
0.258427	10.053257
0.266667	7.037145
0.287356	9.747770


Network Friendly Overlay Routing
0.177778	1.494199
0.340206	1.650907
0.257732	1.394080
0.186441	1.655347
0.227500	1.274976
0.207375	1.238651
0.200000	1.741710
0.221036	1.306052
0.201449	1.917469
0.200000	1.543510
0.192486	1.194572
0.210145	1.464236
0.184240	1.534282
0.225000	1.350040
0.204657	1.644838
0.250590	1.525726
0.297938	1.694819
0.264845	1.263830
0.280381	1.329900
0.291086	1.515982
0.272361	1.996339
0.246076	1.273730
0.280074	1.145022
0.268041	1.211106
0.268041	1.338942
0.268041	1.933467
0.258002	1.413198
0.288660	1.442026
0.257732	1.470870
0.257732	1.107855
0.268041	1.157782
0.268041	1.259866
0.257732	1.833340
0.232763	1.662807
0.249530	1.537152
0.248100	1.316177
0.268041	1.288903
0.223259	1.418565
0.257732	1.573597
0.198485	1.549872
0.199473	1.739576
0.259315	1.918453
0.205873	1.347158
0.252171	1.411560
0.267010	1.408377
0.250502	1.483950
0.289691	1.458009
0.267010	2.284336
0.267416	1.120047
0.257732	1.289234
0.254639	1.130028
0.257732	1.256274
0.257732	1.040015
0.257732	1.605668
0.273196	1.513619
0.264845	1.345675
0.293990	1.621401
0.257732	1.775702
0.230940	1.288803
0.248962	1.234986
0.237083	1.295890
0.254449	1.408989
0.257732	1.284817
0.260825	1.395704
0.264845	1.232116
0.270072	1.860114
0.231536	1.281542
0.216460	1.169403
0.226804	1.215135
0.235754	1.441572
0.257113	1.198517
0.254639	1.222479
0.250619	1.286612
0.293742	1.307298
0.307371	1.287787
0.269552	1.252270
0.269485	1.100058
0.273196	1.400418
0.287113	1.119949
0.239615	1.257900
0.226804	1.315432
0.257732	1.158594
0.281865	1.643576
0.248454	1.446718
0.259292	1.315264
0.294021	1.385061
0.283258	2.088413
0.273390	1.209802
0.257732	1.243427
0.251680	1.270538
0.242577	1.336843
0.234938	1.284678
0.257732	1.031609
0.248454	1.393984
0.236392	1.099942
0.226804	1.315691
0.235052	1.307375
0.251546	1.288670
0.256414	1.677806
0.244540	1.239595


TE dictator
0.177778	8.503682

Overlay dictator
3.545827	0.529412



遗传算法1
0.400000	0.264706	6.017652

遗传算法1
0.380000	0.257143	6.929518

遗传算法2
0.271605	0.271605	5.553635

遗传算法2
0.283951	0.283951	5.367044

