25 112
0 1 2 54
1 0 2 54
0 2 1 68
2 0 2 68
0 6 2 55
6 0 3 55
0 7 1 69
7 0 1 69
1 6 1 67
6 1 1 67
2 3 1 68
3 2 1 68
2 6 1 89
6 2 1 89
2 9 2 65
9 2 2 65
2 15 1 61
15 2 2 61
2 16 1 97
16 2 1 97
2 17 1 85
17 2 1 85
2 20 1 95
20 2 1 95
2 21 1 81
21 2 1 81
3 8 2 52
8 3 2 52
3 9 1 70
9 3 1 71
3 6 1 73
6 3 1 72
4 5 1 61
5 4 2 61
4 7 1 90
7 4 1 92
5 7 1 96
7 5 1 96
5 8 1 93
8 5 1 90
5 9 1 90
9 5 1 97
5 13 2 59
13 5 2 50
5 14 1 50
14 5 2 59
6 7 1 97
7 6 1 97
8 9 1 66
9 8 2 66
8 13 1 70
13 8 1 74
9 13 1 84
13 9 1 80
9 16 1 50
16 9 1 58
9 22 1 61
22 9 1 60
10 11 1 80
11 10 1 80
10 13 1 84
13 10 1 80
10 14 1 77
14 10 1 70
11 12 1 85
12 11 1 80
11 13 1 60
13 11 1 61
11 14 1 50
14 11 2 50
12 24 1 99
24 12 1 90
12 13 1 87
13 12 1 80
13 15 1 78
15 13 1 70
13 16 1 85
16 13 1 80
13 17 1 90
17 13 1 90
13 22 1 70
22 13 1 79
15 16 1 59
16 15 2 50
15 17 1 86
17 15 1 80
15 21 1 93
21 15 1 90
16 17 1 69
17 16 1 60
17 18 1 85
18 17 1 80
17 19 1 86
19 17 1 80
17 20 1 94
20 17 1 90
17 21 1 76
21 17 1 70
17 22 2 58
22 17 2 50
18 21 1 53
21 18 1 50
19 20 1 94
20 19 1 90
21 22 1 76
22 21 1 70
22 23 2 51
23 22 2 50
22 24 1 98
24 22 1 90
23 24 1 90
24 23 1 98