TEvsOR    博弈:
0.185714	7.257961
0.348315	11.761850
0.444444	7.157913
0.494382	13.499704
0.391304	8.698017
0.628866	16.725933
0.355556	13.164261
0.500000	15.229238
0.500000	12.836706
0.712500	18.165145
0.355556	14.677645
0.500000	13.179624
0.487500	14.895519
0.333333	16.814797
0.612500	16.107872
0.505618	16.028876
0.707865	23.093224
0.362319	12.184438
0.415730	13.108196
0.521739	14.294136
0.362319	10.340511
0.388889	9.293953
0.411111	7.851487
0.521739	14.170195
0.444444	10.876295
0.362319	14.628243
0.494382	14.867628
0.359551	14.424018
0.588889	12.442671
0.400000	14.040264
0.337079	11.692198
0.344444	12.908487
0.539326	15.544128
0.333333	10.371215
0.400000	11.679396
0.448276	14.946034
0.670103	20.595205
0.288660	10.911706
0.359551	12.024571
0.637681	21.351881
0.235955	13.419278
0.362319	18.130772
0.487500	19.631459
0.438202	18.283238
0.625000	22.527770
0.337079	15.239558
0.370787	20.125441
0.375000	16.930169
0.337079	16.157741
0.475000	15.329582
0.853933	17.613417
0.500000	26.357243
0.606742	20.712037
0.455556	20.820136
0.710145	20.776067
0.375000	15.063539
0.652174	21.812856
0.362500	15.514788
0.350000	12.169441
0.483146	12.796934
0.555556	16.664265
0.375000	12.415721
0.666667	24.558996
0.415730	16.312191
0.375000	16.357914
0.561798	21.820215
0.681159	29.841446
0.337079	13.278730
0.521739	21.181811
0.540230	21.767163
TE unfeasible


TE dictator
0.185714	8.315121

Overlay dictator
4.472929	0.569231



遗传算法1
0.266667	0.244444	8.742257

遗传算法1
0.240000	0.240000	8.924775

遗传算法2
0.271186	0.260000	8.682513

遗传算法2
0.250000	0.233333	8.289415

遗传算法2-2  ////////
0.308824	0.308824	6.725623

遗传算法2-2
0.308824	0.308824	7.021043

TEvsOR    博弈:
0.208333	9.198734
0.382022	12.535550
0.471910	10.891703
0.382022	12.070417
0.359551	11.498069
0.328571	11.196731
0.359551	11.753163
0.450000	10.553101
0.415730	11.857848
0.411111	10.416733
0.355556	11.615255
0.287500	10.522630
0.370787	12.954705
0.450000	10.185379
0.775281	18.439899
0.300000	9.861129
0.505155	14.708911
0.360825	11.796144
0.500000	15.113462
0.484536	12.129733
0.512500	14.011453
0.484536	10.722332
0.623188	14.871126
0.651685	19.187730
0.359551	12.411099
0.340206	11.561110
0.500000	12.300788
0.500000	14.589576
0.550562	14.612850
0.412371	16.960984
0.438202	14.591409
0.586207	20.193745
0.333333	13.089581
0.425287	19.415557
0.319588	11.513320
0.617978	21.124638
0.314607	13.442981
0.550562	13.559700
0.623188	15.379823
0.375000	16.748438
0.522222	15.160050
0.449438	21.397234
0.405797	17.170951
0.325843	10.108344
0.438202	16.229422
0.507246	15.666852
0.494382	18.791187
0.319588	15.364502
0.352113	12.330681
0.449438	16.519963
0.471264	14.324135
0.449438	14.944362
0.505747	18.313987
0.804598	33.860077
0.505618	15.984174
0.565217	25.341616
0.404494	18.745752
0.494253	20.165038
0.420290	11.316187
0.651685	25.423596
0.449275	16.377689
0.594203	24.027320
0.707865	21.302099
0.786517	28.701110
0.500000	17.156501
0.741573	27.048197
0.623188	19.569059
0.777778	30.034004
0.391304	10.845915
0.842697	29.159475
0.587500	15.128336
0.966292	35.797410
0.528090	14.310441
0.494382	14.357925
0.625000	20.484900
0.426966	14.286438
0.433333	16.361172
0.311111	15.070931
0.426966	15.618159
0.600000	21.972736
0.415730	15.988012
0.735632	33.054634
0.298969	12.389517
0.393258	14.817906
0.487500	16.114018
0.422680	16.126388
0.752577	22.644927
0.463918	14.532211
0.577320	11.919259
0.515464	15.414138
0.391753	14.216737
0.649485	22.575644
0.393258	16.868215
0.912500	23.399983
0.449438	15.315666
0.449438	16.807629
0.449438	15.415781
0.449438	15.315666
0.449438	16.807629
0.449438	15.415781


TE dictator
0.208333	9.867996

Overlay dictator
4.839908	0.593220



遗传算法1
0.393939	0.303030	9.729607

遗传算法1
0.415385	0.285714	8.303772

遗传算法2
0.492308	0.366667	10.130512

遗传算法2
0.393443	0.325843	9.459734

遗传算法2-2
0.400000	0.318841	7.723531

遗传算法2-2
0.433333	0.338462	7.098122

TEvsOR    博弈:
0.223684	8.618718
0.507246	14.763635
0.437500	15.953830
0.437500	12.000776
0.453608	14.084703
0.420290	13.998417
0.460674	18.295340
0.710145	28.082664
0.662921	19.010214
0.420290	15.546392
0.700000	22.640755
0.449438	18.152075
0.595506	28.723262
0.420290	17.147187
0.420290	11.876401
0.420290	13.738506
0.775000	24.554187
0.426471	21.361083
0.625000	23.533551
0.876404	48.959218
0.629213	29.248378
0.550000	30.048976
0.550000	27.217181
0.550000	23.732655
0.449275	21.461831
0.629213	22.706837
0.550000	25.556004
0.562500	23.341218
0.943820	44.387861
0.758621	34.410839
0.696629	29.403116
0.737500	38.804411
0.438202	15.220649
0.625000	23.008463
0.434783	15.718274
0.494845	22.260254
0.500000	24.325417
0.455882	21.447570
0.696629	25.773590
0.505882	24.133179
0.597701	20.034654
0.696629	31.974343
0.438202	13.008942
0.800000	31.261453
0.862500	40.081304
0.887640	27.847225
1.000000	63.884372
0.577320	22.552122
0.577320	16.717207
0.577320	16.964895
0.739130	29.731332
0.731959	23.179351
0.731959	27.963043
0.731959	24.603032
0.731959	25.196430
0.731959	23.686429
0.731959	26.867227
0.731959	31.773541
0.731959	22.359393
0.731959	23.407056
0.731959	23.179351
0.731959	27.919248
0.731959	24.603032
0.731959	25.196430
0.731959	23.686429
0.731959	26.867227
0.731959	31.773541
0.731959	22.359393
0.731959	23.407056
0.731959	23.179351
0.731959	27.919248
0.731959	24.603032
0.731959	25.196430
0.731959	23.686429
0.731959	26.867227
0.731959	31.773541
0.731959	22.359393
0.731959	23.407056
0.731959	23.179351
0.731959	27.919248
0.731959	24.603032
0.731959	25.196430
0.731959	23.686429
0.731959	26.867227
0.731959	31.773541
0.731959	22.359393
0.731959	23.407056
0.731959	23.179351
0.731959	27.919248
0.731959	24.603032
0.731959	25.196430
0.731959	23.686429
0.731959	26.867227
0.731959	31.773541
0.731959	22.359393
0.731959	23.407056
0.731959	23.179351
0.731959	27.919248
0.731959	24.603032
0.731959	25.196430


TE dictator
0.223684	10.691250

Overlay dictator
5.879139	0.688525



遗传算法1
0.478261	0.348485	12.952992

遗传算法1
0.480000	0.357143	11.222765

遗传算法2
0.381579	0.381579	13.431578

遗传算法2
0.568966	0.324324	11.215969

遗传算法2-2
0.413793	0.333333	8.580335

遗传算法2-2
0.524590	0.324324	9.801981

