TEvsOR    博弈:
0.250000	11.615928
0.289474	14.380051
0.362500	13.689085
0.362500	12.552216
0.588889	13.332890
0.462500	17.817909
0.325843	15.314636
0.793103	28.597494
0.393258	16.421752
0.393258	19.412248
0.370787	17.287258
0.561798	16.223519
0.623188	21.597744
0.674157	31.663810
0.359551	16.096063
0.492754	20.501257
0.428571	20.823630
0.415730	16.305831
0.625000	25.631904
TE unfeasible


TE dictator
0.250000	13.292570

Overlay dictator
5.847676	0.983051



遗传算法2
0.470588	0.460000	13.367620

遗传算法2
0.384615	0.384615	11.834716

遗传算法2-2
0.360656	0.492308	9.688381

遗传算法2-2
0.411111	0.397436	10.188828

TEvsOR    博弈:
0.191176	9.091399
0.233333	10.762369
0.250000	10.425594
0.438202	16.330068
0.387500	10.489076
0.420290	16.632892
0.305556	11.806012
0.505618	16.156178
0.305556	16.756524
0.362500	10.970016
0.460674	15.403307
0.550725	17.711292
0.831461	28.465005
0.305556	13.414490
0.438202	14.691327
0.483146	19.864048
0.347826	12.970911
0.420290	17.236920
0.321839	11.560155
0.550000	18.902560
0.600000	13.724430
0.551724	20.958349
0.539326	21.328959
0.539326	24.753070
0.539326	17.131979
0.539326	20.120913
0.622222	18.037976
0.362500	14.603883
0.811111	13.357925
0.617978	21.848353
0.494845	17.109551
0.689655	24.410328
0.347826	12.323834
0.528736	14.105637
0.695652	20.682970
0.426966	15.827622
0.574713	18.292872
0.516854	19.253503
0.413793	17.076360
0.741573	22.023544
0.348315	14.777783
0.617978	18.322862
0.412371	17.270976
0.283784	13.798854
0.494382	17.954369
0.459770	15.781452
0.666667	20.348632
0.816092	39.329357
0.275000	10.530088
0.483146	15.759141
0.311111	15.008434
0.318841	11.387192
0.632184	16.962659
0.617978	19.743940
0.587500	20.547869
0.884058	26.069285
0.449438	17.786141
0.402299	19.605367
0.438202	21.743885
0.449438	16.756918
0.539326	20.463286
0.651685	23.649175
0.387500	16.564618
0.387500	18.513779
0.449438	16.213368
0.687500	23.806638
0.494845	15.465902
0.387500	18.159256
0.579710	17.997445
0.537500	17.504718
0.536232	23.230520
0.494845	13.146349
0.387500	15.888727
0.438202	21.503298
0.387500	16.485213
0.550562	21.861864
0.546392	11.979916
0.420290	23.161439
0.474227	12.281422
0.685393	14.300451
0.655172	21.989707
0.359551	12.694966
0.546392	12.687504
0.494382	20.037906
0.516854	20.433543
0.471264	18.874219
0.640449	21.513878
0.387500	13.321545
0.742268	14.150045
0.460674	16.390375
0.584270	25.666239
0.337079	13.813913
0.460674	17.677833
0.460674	19.998970
0.337079	16.754175
0.466667	18.196048
0.420290	17.963445
0.966292	26.517133
0.387500	18.489939
0.484536	16.601040


TE dictator
0.191176	9.318496

Overlay dictator
5.158634	0.446154



遗传算法2
0.333333	0.333333	10.296088

遗传算法2
0.338983	0.426471	9.797633

遗传算法2-2
0.344828	0.546392	7.593297

遗传算法2-2
0.325000	0.325000	7.775555

TEvsOR    博弈:
0.300000	11.036008
0.377778	14.869032
0.300000	8.264422
0.362500	13.015420
0.333333	11.851662
0.675000	19.127996
0.300000	12.071891
0.387500	11.638370
0.400000	17.232889
0.375000	15.738142
0.382022	19.918762
0.471910	17.366911
0.300000	10.671609
0.566667	10.617803
0.833333	21.875544
0.387500	17.663838
0.387500	13.774580
0.362319	13.405614
0.522222	13.676477
0.483146	14.587977
0.397059	14.608457
0.651685	20.350557
0.350000	18.078048
0.362319	16.183570
0.385714	14.144216
0.561798	18.213999
0.415730	18.310095
0.595506	23.370710
0.415730	20.863327
0.391304	15.872434
0.577778	18.588714
0.782609	26.206748
0.555556	15.350134
0.965517	28.897421
0.471264	17.289042
0.600000	18.964349
0.436782	16.819671
0.633333	14.282219
0.573034	21.364382
0.444444	12.460788
0.507246	15.114183
0.444444	12.666942
0.677778	20.205236
0.573034	21.048237
0.595506	21.888846
0.710145	29.948206
0.411111	8.960208
0.707865	21.474823
0.544444	16.747048
0.700000	19.193699
0.700000	19.236260
0.688889	21.309543
0.595506	19.747603
0.449438	18.165010
0.505618	14.329906
0.561798	18.010361
0.359551	13.903369
0.606742	19.362646
0.415730	15.902966
0.866667	30.212861
0.606742	14.223683
0.471264	22.971111
0.561798	18.034425
0.561798	20.288438
0.620690	29.736419
0.674157	16.628698
0.561798	17.663058
0.674157	26.538873
0.561798	19.139174
0.561798	18.701682
0.561798	23.105169
0.449438	19.300811
0.566667	17.621651
0.609195	21.574544
0.651685	18.793827
0.606742	26.123881
0.449438	13.090981
0.612500	22.450903
0.475000	19.712869
0.607143	29.909612
0.438202	22.667192
0.442857	20.303231
0.563218	26.472919
0.782609	37.989178
0.677778	29.590351
0.677778	22.416116
0.842697	40.432370
0.321429	18.177739
0.873563	40.543213
0.536232	19.189915
0.579710	28.902600
0.536232	27.892938
0.536232	24.185812
0.536232	19.145350
0.584270	19.281524
0.955056	55.881424
0.579710	13.986386
0.595506	20.906502
0.579710	21.417588
0.494382	18.777676


TE dictator
0.300000	14.352930

Overlay dictator
4.961184	0.754098



遗传算法2
0.620000	0.620000	11.576555

遗传算法2
0.620000	0.620000	16.083141

遗传算法2-2
0.620000	0.620000	7.205235

遗传算法2-2
0.620000	0.620000	7.913450

TEvsOR    博弈:
0.320000	7.274379
0.400000	10.507603
0.376812	9.601994
0.500000	12.178017
0.325000	13.702658
0.325843	11.020931
0.320000	9.398119
0.325843	8.811303
0.382022	11.049699
0.320000	8.218586
0.325000	11.819705
0.320000	10.203749
0.325000	10.188627
0.494382	15.002383
0.333333	12.503573
0.325843	11.529705
0.320000	8.757055
0.320000	8.581465
0.320000	6.409180
0.415730	13.049553
0.550000	13.609582
0.325000	12.701295
0.337079	15.043402
0.448276	12.155086
0.611111	18.061345
0.459770	14.108103
0.584270	17.580548
0.367816	15.707398
0.320000	9.376245
0.608247	13.574544
0.449438	11.894355
0.471264	16.043034
0.359551	11.926948
0.328571	13.750016
0.606742	14.665688
0.539326	13.626285
0.371429	14.127272
0.577778	21.070566
0.437500	11.463322
0.595506	16.269680
0.437500	13.890362
0.484536	16.132452
0.453608	12.681106
0.775000	30.266538
0.333333	12.379233
0.528090	18.550420
0.550725	19.488615
0.537500	21.334646
0.587500	21.039664
0.573034	13.476402
0.366667	11.389337
0.325000	11.952264
0.344828	14.548378
0.550562	17.950609
0.325000	10.464715
0.460674	14.814945
0.640449	18.009983
0.505618	19.917342
0.606742	16.845339
0.550562	14.390016
0.415730	15.519074
0.449438	13.252807
0.550562	17.733606
0.550562	18.007451
0.393258	12.277438
0.487500	17.587171
0.415730	12.642185
0.387500	12.921872
0.507246	16.301383
0.400000	14.798351
0.710145	20.056396
0.600000	17.251834
0.666667	27.539204
0.348315	8.993971
0.512500	12.397747
0.573034	14.310932
0.348315	11.861138
0.539326	16.244556
0.382022	10.409953
0.425000	12.283950
0.477778	15.936558
0.539326	13.680632
0.320000	10.645826
0.348315	9.019351
0.425000	9.152383
0.573034	12.374623
0.348315	9.917644
0.487500	9.987155
0.730337	20.266210
0.325843	10.504268
0.337500	11.738362
0.325843	10.974477
0.325843	12.529159
0.483146	12.437861
0.325843	10.025308
0.382022	14.121086
0.637681	14.595580
0.853933	26.058795
0.505618	14.502337
0.584270	16.410766


TE dictator
0.320000	8.405607

Overlay dictator
4.348682	0.680000



遗传算法2
0.576271	0.491525	10.192080

遗传算法2
0.576271	0.491525	10.172789

遗传算法2-2
0.576271	0.491525	6.172980

遗传算法2-2
0.576271	0.491525	6.060552

TEvsOR    博弈:
0.217391	9.111934
0.325843	10.654882
0.437500	14.838392
0.235955	8.668172
0.449275	11.654650
0.254545	12.106891
0.449275	15.011332
0.344444	10.104353
0.471264	17.617961
0.370787	10.936435
0.617978	16.696514
0.505618	15.132589
0.303371	11.274318
0.492754	13.353618
0.612500	20.096209
0.237500	9.482976
0.460674	14.208931
0.700000	16.538758
0.420290	15.662217
0.625000	22.458561
0.303371	12.791720
0.348315	9.769549
0.516854	16.903048
0.505747	18.198846
0.623188	22.202701
0.584270	20.774208
0.393258	13.418008
0.956522	23.392193
0.550562	17.917330
0.420290	17.235948
0.460674	15.299100
0.629213	22.416616
0.463768	14.998565
0.420290	15.595249
0.722222	23.667117
0.420290	16.203499
0.437500	18.842053
0.420290	17.400114
0.722222	20.433754
0.516854	18.609248
0.550725	20.667971
0.550725	17.061582
0.600000	22.357185
0.831461	36.953987
0.420290	14.175685
0.566667	18.326250
0.577778	23.147339
0.420290	14.247372
0.595506	17.651985
0.420290	12.220843
0.595506	21.406794
0.420290	11.565643
0.562500	24.224882
0.420290	12.858328
0.533333	13.935156
0.444444	18.208608
0.608696	16.726562
0.455556	12.436367
0.611111	16.009929
0.500000	18.331313
0.944444	24.539268
TE unfeasible


TE dictator
0.217391	10.464481

Overlay dictator
5.037157	0.661765



遗传算法2
0.380000	0.380000	10.110982

遗传算法2
0.380000	0.443299	10.802930

遗传算法2-2
0.361111	0.603448	8.006306

遗传算法2-2
0.338983	0.338983	9.218071

