TEvsOR    博弈:
0.300000	84.000000
0.525000	130.000000
0.325000	100.000000
0.725000	181.000000
0.466667	178.000000
0.475000	185.000000
0.300000	122.000000
0.525000	157.000000
0.400000	152.000000
0.600000	147.000000
0.625000	207.000000
0.350000	120.000000
0.350000	131.000000
0.500000	220.000000
0.400000	89.000000
0.425000	161.000000
0.400000	163.000000
0.600000	232.000000
0.300000	108.000000
0.300000	81.000000
0.875000	160.000000
0.300000	84.000000
0.525000	130.000000
0.325000	100.000000
0.725000	181.000000
0.466667	178.000000
0.475000	185.000000
0.300000	122.000000
0.525000	157.000000
0.400000	152.000000


TE dictator
0.300000	120.000000

Overlay dictator
51.000000	0.900000



遗传算法1
0.466667	0.466667	97.000000

遗传算法2
0.600000	0.466667	70.000000

TEvsOR    博弈:
0.266667	92.000000
0.600000	121.000000
0.375000	121.000000
0.525000	127.000000
0.525000	167.000000
0.300000	98.000000
0.550000	150.000000
0.875000	163.000000
0.500000	142.000000
0.500000	151.000000
0.500000	157.000000
0.650000	134.000000
0.450000	129.000000
0.766667	159.000000
0.633333	185.000000
0.266667	92.000000
0.600000	121.000000
0.375000	121.000000
0.525000	127.000000
0.525000	167.000000
0.300000	98.000000
0.550000	150.000000
0.875000	163.000000
0.500000	142.000000
0.500000	151.000000
0.500000	157.000000
0.650000	134.000000
0.450000	129.000000
0.766667	159.000000
0.633333	185.000000


TE dictator
0.266667	111.000000

Overlay dictator
51.000000	0.850000



遗传算法1
0.450000	0.450000	91.000000

遗传算法2
0.450000	0.450000	67.000000

TEvsOR    博弈:
0.200000	156.000000
0.200000	156.000000
0.200000	156.000000
0.200000	156.000000
0.200000	156.000000
0.200000	156.000000
0.200000	156.000000
0.200000	156.000000
0.200000	156.000000
0.200000	156.000000
0.200000	156.000000
0.200000	156.000000
0.200000	156.000000
0.200000	156.000000
0.200000	156.000000
0.200000	156.000000
0.200000	156.000000
0.200000	156.000000
0.200000	156.000000
0.200000	156.000000
0.200000	156.000000
0.200000	156.000000
0.200000	156.000000
0.200000	156.000000
0.200000	156.000000
0.200000	156.000000
0.200000	156.000000
0.200000	156.000000
0.200000	156.000000
0.200000	156.000000


TE dictator
0.200000	156.000000

Overlay dictator
51.000000	0.550000



遗传算法1
0.300000	0.300000	93.000000

遗传算法2
0.366667	0.350000	56.000000

TEvsOR    博弈:
0.250000	78.000000
0.440000	137.000000
0.250000	78.000000
0.440000	137.000000
0.250000	78.000000
0.440000	137.000000
0.250000	78.000000
0.440000	137.000000
0.250000	78.000000
0.440000	137.000000
0.250000	78.000000
0.440000	137.000000
0.250000	78.000000
0.440000	137.000000
0.250000	78.000000
0.440000	137.000000
0.250000	78.000000
0.440000	137.000000
0.250000	78.000000
0.440000	137.000000
0.250000	78.000000
0.440000	137.000000
0.250000	78.000000
0.440000	137.000000
0.250000	78.000000
0.440000	137.000000
0.250000	78.000000
0.440000	137.000000
0.250000	78.000000
0.440000	137.000000


TE dictator
0.250000	99.000000

Overlay dictator
51.000000	0.650000



遗传算法1
0.400000	0.400000	94.000000

遗传算法2
0.333333	0.333333	78.000000

TEvsOR    博弈:
0.250000	133.000000
0.400000	115.000000
0.400000	170.000000
0.400000	162.000000
0.475000	145.000000
0.575000	134.000000
0.400000	162.000000
0.475000	145.000000
0.575000	134.000000
0.400000	162.000000
0.475000	145.000000
0.575000	134.000000
0.400000	162.000000
0.475000	145.000000
0.575000	134.000000
0.400000	162.000000
0.475000	145.000000
0.575000	134.000000
0.400000	162.000000
0.475000	145.000000
0.575000	134.000000
0.400000	162.000000
0.475000	145.000000
0.575000	134.000000
0.400000	162.000000
0.475000	145.000000
0.575000	134.000000
0.400000	162.000000
0.475000	145.000000
0.575000	134.000000


TE dictator
0.250000	137.000000

Overlay dictator
51.000000	1.000000



遗传算法1
0.350000	0.350000	96.000000

遗传算法2
0.350000	0.350000	71.000000

