TEvsOR    博弈:
0.254545	172.000000
0.478261	257.000000
0.550000	378.000000
0.298851	261.000000
0.617978	320.000000
0.325843	206.000000
0.608696	376.000000
0.471910	245.000000
0.466667	298.000000
0.730337	296.000000
0.707865	232.000000
0.988764	205.000000
0.666667	367.000000
0.551724	338.000000
0.927536	420.000000
0.606742	351.000000
0.913043	381.000000
0.459770	267.000000
0.597701	288.000000
TE unfeasible


TE dictator
0.254545	214.000000

Overlay dictator
106.000000	0.793103



遗传算法1
0.327869	0.327869	193.000000

遗传算法1
0.318841	0.318841	194.000000

遗传算法2
0.411765	0.411765	176.000000

遗传算法2
0.364865	0.364865	177.000000

遗传算法2-2
0.362500	0.362500	129.000000

遗传算法2-2
0.333333	0.333333	123.000000

TEvsOR    博弈:
0.260870	199.000000
0.579710	223.000000
0.381443	229.000000
0.652174	215.000000
0.628866	166.000000
0.637681	282.000000
0.359551	261.000000
0.261905	239.000000
0.463768	262.000000
0.550562	302.000000
0.537500	295.000000
0.478261	269.000000
0.516854	235.000000
0.725000	347.000000
0.507246	260.000000
0.825000	294.000000
0.681159	239.000000
0.487500	267.000000
0.400000	209.000000
0.579710	263.000000
0.318841	224.000000
0.382353	216.000000
0.537500	316.000000
0.359551	237.000000
0.539474	341.000000
0.359551	287.000000
0.376812	230.000000
0.550562	313.000000
0.896552	359.000000
0.505618	397.000000
0.342857	278.000000
0.393258	266.000000
0.812500	340.000000
0.393258	267.000000
0.405797	294.000000
0.362319	238.000000
0.505618	303.000000
0.426966	340.000000
0.507246	315.000000
0.362319	267.000000
0.443299	294.000000
0.390805	306.000000
0.680412	391.000000
0.525773	294.000000
0.625000	392.000000
0.528090	300.000000
0.536232	292.000000
0.474227	281.000000
0.659794	316.000000
0.768116	331.000000
0.471429	284.000000
0.550562	408.000000
0.739130	462.000000
0.711111	247.000000
0.555556	322.000000
0.633333	213.000000
0.822222	239.000000
0.822222	260.000000
0.724638	313.000000
0.659794	279.000000
0.971014	384.000000
0.788889	361.000000
0.788889	323.000000
0.884058	440.000000
0.561798	285.000000
0.563218	342.000000
0.471910	304.000000
0.360825	325.000000
0.753623	303.000000
0.719101	365.000000
0.561798	257.000000
0.887640	338.000000
0.606742	389.000000
0.600000	447.000000
0.942029	394.000000
0.825000	415.000000
0.594203	396.000000
0.561798	367.000000
0.782609	362.000000
0.617978	271.000000
0.971014	324.000000
0.618557	296.000000
0.628866	251.000000
0.484536	382.000000
0.514706	378.000000
0.561798	407.000000
0.507246	379.000000
0.484536	488.000000
0.606742	410.000000
0.797101	387.000000
0.507246	317.000000
0.561798	331.000000
0.855072	363.000000
0.739130	372.000000
0.725000	409.000000
0.507246	302.000000
0.762887	481.000000
0.625000	423.000000
0.666667	235.000000
0.919540	509.000000


TE dictator
0.260870	218.000000

Overlay dictator
106.000000	0.737705



遗传算法1
0.352941	0.352941	189.000000

遗传算法1
0.315217	0.315217	194.000000

遗传算法2
0.352941	0.352941	183.000000

遗传算法2
0.413793	0.329897	185.000000

遗传算法2-2
0.323529	0.323529	139.000000

遗传算法2-2
0.475410	0.382353	116.000000

TEvsOR    博弈:
0.215190	189.000000
0.563218	242.000000
0.623188	242.000000
0.487500	252.000000
0.500000	261.000000
0.700000	300.000000
0.325000	295.000000
0.367816	224.000000
0.561798	261.000000
0.471264	331.000000
0.539326	279.000000
0.629213	256.000000
0.573034	305.000000
0.449438	270.000000
0.840580	357.000000
0.415730	333.000000
0.500000	304.000000
0.540230	348.000000
0.608696	279.000000
0.782609	394.000000
0.876404	245.000000
0.608696	298.000000
0.674157	429.000000
0.528090	432.000000
0.550562	227.000000
0.701149	316.000000
0.584270	334.000000
0.584270	275.000000
0.701149	377.000000
0.507246	214.000000
0.393258	324.000000
0.393258	299.000000
0.449438	315.000000
0.808989	356.000000
0.685393	424.000000
0.651685	330.000000
0.681159	393.000000
0.595506	307.000000
0.595506	375.000000
0.725000	444.000000
0.434783	350.000000
0.438202	294.000000
0.770115	486.000000
0.438202	296.000000
0.550562	222.000000
0.325843	263.000000
0.449275	252.000000
0.707865	237.000000
0.550562	412.000000
0.640449	271.000000
0.511111	307.000000
0.366667	247.000000
0.678161	351.000000
0.438202	349.000000
0.438202	301.000000
0.478261	312.000000
0.612500	255.000000
0.623188	344.000000
0.655172	462.000000
0.438202	356.000000
0.475000	280.000000
0.666667	271.000000
0.866667	243.000000
0.555556	314.000000
0.710145	256.000000
0.712500	350.000000
0.811594	299.000000
0.492754	264.000000
0.550562	349.000000
0.350000	307.000000
0.362500	197.000000
0.787500	281.000000
0.826087	251.000000
0.475000	237.000000
0.666667	235.000000
0.623188	276.000000
0.362319	246.000000
0.816092	394.000000
0.573034	300.000000
0.405797	189.000000
0.612500	225.000000
0.449275	173.000000
0.475000	265.000000
0.347826	262.000000
0.505747	321.000000
0.696629	379.000000
0.478261	416.000000
0.376812	396.000000
0.675000	314.000000
0.437500	271.000000
0.623188	313.000000
0.512500	301.000000
0.550562	234.000000
0.787500	304.000000
0.724638	299.000000
0.437500	281.000000
0.594203	284.000000
0.600000	268.000000
0.768116	304.000000
0.562500	213.000000


TE dictator
0.215190	221.000000

Overlay dictator
106.000000	0.700000



遗传算法1
0.280000	0.280000	188.000000

遗传算法1
0.338235	0.338235	186.000000

遗传算法2
0.360656	0.360656	183.000000

遗传算法2
0.340000	0.340000	184.000000

遗传算法2-2
0.440000	0.338235	128.000000

遗传算法2-2
0.529412	0.418182	121.000000

